No	Mchn	EnNo		Name		Mode	IOMd	DateTime	
12627	1	00059021	          	33	0	2017/11/19  05:20:03
12628	1	00059017	          	33	0	2017/11/19  05:20:07
12629	1	00059017	          	33	0	2017/11/19  05:20:08
12630	1	00059014	          	33	0	2017/11/20  06:30:35
12631	1	00059021	          	33	0	2017/11/20  06:41:09
12632	1	00060001	          	33	0	2017/11/20  07:27:13
12633	1	00060001	          	33	0	2017/11/20  07:27:15
12634	1	00059030	          	33	0	2017/11/20  07:28:08
12635	1	00059030	          	33	0	2017/11/20  07:28:10
12636	1	00060002	          	33	0	2017/11/20  07:33:13
12637	1	00060003	          	33	0	2017/11/20  07:42:19
12638	1	00059017	          	33	0	2017/11/20  07:42:30
12639	1	00059017	          	33	0	2017/11/20  07:42:32
12640	1	00059017	          	33	0	2017/11/20  07:42:33
12641	1	00059026	          	33	0	2017/11/20  07:50:35
12642	1	00060001	          	33	0	2017/11/20  17:00:19
12643	1	00060001	          	33	0	2017/11/20  17:00:21
12644	1	00060003	          	33	0	2017/11/20  17:00:26
12645	1	00059014	          	33	0	2017/11/20  17:24:24
12646	1	00059018	          	33	0	2017/11/20  19:47:03
12647	1	00059018	          	33	0	2017/11/20  19:47:06
12648	1	00059026	          	33	0	2017/11/20  19:50:06
12649	1	00059028	          	33	0	2017/11/20  19:53:44
12650	1	00059029	          	33	0	2017/11/20  19:53:50
12651	1	00059029	          	33	0	2017/11/20  19:53:52
12652	1	00059024	          	33	0	2017/11/20  19:58:25
12653	1	00059024	          	33	0	2017/11/20  19:58:27
12654	1	00060002	          	33	0	2017/11/20  20:20:11
12655	1	00060002	          	33	0	2017/11/20  20:20:12
12656	1	00059017	          	33	0	2017/11/20  20:20:14
12657	1	00059017	          	33	0	2017/11/20  20:20:16
12658	1	00059017	          	33	0	2017/11/20  20:20:16
12659	1	00059021	          	33	0	2017/11/20  20:20:21
12660	1	00059021	          	33	0	2017/11/20  20:20:23
12661	1	00059030	          	33	0	2017/11/20  20:20:32
12662	1	00059030	          	33	0	2017/11/20  20:20:33
12663	1	00059024	          	33	0	2017/11/21  05:45:02
12664	1	00059024	          	33	0	2017/11/21  05:45:04
12665	1	00059014	          	33	0	2017/11/21  06:49:06
12666	1	00060001	          	33	0	2017/11/21  07:14:38
12667	1	00060001	          	33	0	2017/11/21  07:14:38
12668	1	00060001	          	33	0	2017/11/21  07:14:41
12669	1	00059020	          	33	0	2017/11/21  07:24:14
12670	1	00059021	          	33	0	2017/11/21  07:27:15
12671	1	00059021	          	33	0	2017/11/21  07:27:15
12672	1	00059021	          	33	0	2017/11/21  07:27:18
12673	1	00060002	          	33	0	2017/11/21  07:31:59
12674	1	00060002	          	33	0	2017/11/21  07:32:01
12675	1	00060002	          	33	0	2017/11/21  07:32:03
12676	1	00059030	          	33	0	2017/11/21  07:37:11
12677	1	00059030	          	33	0	2017/11/21  07:37:13
12678	1	00059028	          	33	0	2017/11/21  07:40:13
12679	1	00059029	          	33	0	2017/11/21  07:40:16
12680	1	00059029	          	33	0	2017/11/21  07:40:18
12681	1	00059029	          	33	0	2017/11/21  07:40:19
12682	1	00059029	          	33	0	2017/11/21  07:40:20
12683	1	00059018	          	33	0	2017/11/21  07:40:22
12684	1	00059018	          	33	0	2017/11/21  07:40:24
12685	1	00059017	          	33	0	2017/11/21  07:46:19
12686	1	00059017	          	33	0	2017/11/21  07:46:21
12687	1	00059017	          	33	0	2017/11/21  07:46:22
12688	1	00060003	          	33	0	2017/11/21  07:51:03
12689	1	00060001	          	33	0	2017/11/21  17:00:11
12690	1	00060001	          	33	0	2017/11/21  17:00:13
12691	1	00060003	          	33	0	2017/11/21  17:00:17
12692	1	00059020	          	33	0	2017/11/21  17:03:36
12693	1	00059014	          	33	0	2017/11/21  17:19:18
12694	1	00059009	          	33	0	2017/11/21  17:45:28
12695	1	00060002	          	33	0	2017/11/21  19:21:15
12696	1	00060002	          	33	0	2017/11/21  19:21:18
12697	1	00059029	          	33	0	2017/11/21  19:42:30
12698	1	00059029	          	33	0	2017/11/21  19:42:32
12699	1	00059018	          	33	0	2017/11/21  19:42:35
12700	1	00059018	          	33	0	2017/11/21  19:42:37
12701	1	00059028	          	33	0	2017/11/21  19:46:15
12702	1	00059021	          	33	0	2017/11/21  19:54:54
12703	1	00059024	          	33	0	2017/11/21  20:05:33
12704	1	00059024	          	33	0	2017/11/21  20:05:34
12705	1	00059030	          	33	0	2017/11/21  20:20:16
12706	1	00059017	          	33	0	2017/11/21  20:20:19
12707	1	00059017	          	33	0	2017/11/21  20:20:21
12708	1	00059017	          	33	0	2017/11/21  20:20:22
12709	1	00059030	          	33	0	2017/11/21  20:20:29
12710	1	00059030	          	33	0	2017/11/21  20:20:31
12711	1	00060001	          	33	0	2017/11/22  07:06:37
12712	1	00060001	          	33	0	2017/11/22  07:06:39
12713	1	00059021	          	33	0	2017/11/22  07:18:41
12714	1	00059021	          	33	0	2017/11/22  07:18:44
12715	1	00060002	          	33	0	2017/11/22  07:19:49
12716	1	00060002	          	33	0	2017/11/22  07:19:51
12717	1	00059030	          	33	0	2017/11/22  07:25:37
12718	1	00059030	          	33	0	2017/11/22  07:25:39
12719	1	00059020	          	33	0	2017/11/22  07:25:42
12720	1	00059017	          	33	0	2017/11/22  07:36:50
12721	1	00059017	          	33	0	2017/11/22  07:36:51
12722	1	00059017	          	33	0	2017/11/22  07:36:53
12723	1	00059017	          	33	0	2017/11/22  07:36:58
12724	1	00059028	          	33	0	2017/11/22  07:40:08
12725	1	00059029	          	33	0	2017/11/22  07:40:14
12726	1	00059029	          	33	0	2017/11/22  07:40:17
12727	1	00059018	          	33	0	2017/11/22  07:40:47
12728	1	00059018	          	33	0	2017/11/22  07:40:50
12729	1	00059024	          	33	0	2017/11/22  07:40:56
12730	1	00059024	          	33	0	2017/11/22  07:40:58
12731	1	00059017	          	33	0	2017/11/22  07:42:53
12732	1	00059017	          	33	0	2017/11/22  07:42:54
12733	1	00059017	          	33	0	2017/11/22  07:46:29
12734	1	00059026	          	33	0	2017/11/22  07:46:38
12735	1	00059014	          	33	0	2017/11/22  07:48:18
12736	1	00060003	          	33	0	2017/11/22  07:56:31
12737	1	00059009	          	33	0	2017/11/22  07:57:27
12738	1	00059021	          	33	0	2017/11/22  17:00:10
12739	1	00059017	          	33	0	2017/11/22  17:00:15
12740	1	00059017	          	33	0	2017/11/22  17:00:17
12741	1	00059026	          	33	0	2017/11/22  17:00:26
12742	1	00059009	          	33	0	2017/11/22  17:44:35
12743	1	00059009	          	33	0	2017/11/22  17:44:36
12744	1	00060001	          	33	0	2017/11/22  19:20:52
12745	1	00060001	          	33	0	2017/11/22  19:20:54
12746	1	00060003	          	33	0	2017/11/22  19:21:21
12747	1	00060002	          	33	0	2017/11/22  19:21:41
12748	1	00060002	          	33	0	2017/11/22  19:21:42
12749	1	00059018	          	33	0	2017/11/22  19:44:52
12750	1	00059018	          	33	0	2017/11/22  19:44:54
12751	1	00059028	          	33	0	2017/11/22  19:47:36
12752	1	00059029	          	33	0	2017/11/22  19:49:08
12753	1	00059029	          	33	0	2017/11/22  19:49:11
12754	1	00059030	          	33	0	2017/11/22  19:50:20
12755	1	00059030	          	33	0	2017/11/22  19:50:22
12756	1	00059024	          	33	0	2017/11/22  20:00:38
12757	1	00059024	          	33	0	2017/11/22  20:00:40
12758	1	00059024	          	33	0	2017/11/22  20:03:57
12759	1	00059024	          	33	0	2017/11/22  20:03:59
12760	1	00059020	          	33	0	2017/11/22  20:20:04
12761	1	00059028	          	33	0	2017/11/23  05:20:11
12762	1	00059029	          	33	0	2017/11/23  05:59:05
12763	1	00059014	          	33	0	2017/11/23  06:45:49
12764	1	00059030	          	33	0	2017/11/23  07:18:05
12765	1	00059030	          	33	0	2017/11/23  07:18:07
12766	1	00059030	          	33	0	2017/11/23  07:18:09
12767	1	00060002	          	33	0	2017/11/23  07:18:19
12768	1	00060002	          	33	0	2017/11/23  07:18:22
12769	1	00060001	          	33	0	2017/11/23  07:19:18
12770	1	00060001	          	33	0	2017/11/23  07:19:20
12771	1	00059020	          	33	0	2017/11/23  07:24:43
12772	1	00059030	          	33	0	2017/11/23  07:31:34
12773	1	00059030	          	33	0	2017/11/23  07:31:36
12774	1	00059020	          	33	0	2017/11/23  07:33:55
12775	1	00059024	          	33	0	2017/11/23  07:40:59
12776	1	00059024	          	33	0	2017/11/23  07:41:00
12777	1	00059018	          	33	0	2017/11/23  07:41:48
12778	1	00059018	          	33	0	2017/11/23  07:41:50
12779	1	00060002	          	33	0	2017/11/23  07:43:30
12780	1	00059017	          	33	0	2017/11/23  07:44:16
12781	1	00059017	          	33	0	2017/11/23  07:44:18
12782	1	00059017	          	33	0	2017/11/23  07:44:20
12783	1	00059026	          	33	0	2017/11/23  07:46:05
12784	1	00060003	          	33	0	2017/11/23  07:49:49
12785	1	00059009	          	33	0	2017/11/23  07:55:21
12786	1	00060001	          	33	0	2017/11/23  17:00:08
12787	1	00060001	          	33	0	2017/11/23  17:00:10
12788	1	00060002	          	33	0	2017/11/23  17:00:26
12789	1	00060002	          	33	0	2017/11/23  17:00:28
12790	1	00060003	          	33	0	2017/11/23  17:01:41
12791	1	00059014	          	33	0	2017/11/23  17:18:33
12792	1	00059009	          	33	0	2017/11/23  17:54:07
12793	1	00059020	          	33	0	2017/11/23  19:21:06
12794	1	00059018	          	33	0	2017/11/23  19:41:10
12795	1	00059018	          	33	0	2017/11/23  19:41:13
12796	1	00059030	          	33	0	2017/11/23  19:50:05
12797	1	00059030	          	33	0	2017/11/23  19:50:07
12798	1	00059026	          	33	0	2017/11/23  19:50:12
12799	1	00059028	          	33	0	2017/11/23  19:51:16
12800	1	00059024	          	33	0	2017/11/23  20:04:26
12801	1	00059024	          	33	0	2017/11/23  20:04:28
12802	1	00059029	          	33	0	2017/11/23  20:04:56
12803	1	00059029	          	33	0	2017/11/23  20:04:58
12804	1	00059024	          	33	0	2017/11/23  20:11:37
12805	1	00059024	          	33	0	2017/11/23  20:11:39
12806	1	00059017	          	33	0	2017/11/23  20:20:20
12807	1	00059017	          	33	0	2017/11/23  20:20:21
12808	1	00059017	          	33	0	2017/11/23  20:20:23
12809	1	00059017	          	33	0	2017/11/23  20:21:02
12810	1	00059017	          	33	0	2017/11/23  20:21:03
12811	1	00059028	          	33	0	2017/11/24  00:20:05
12812	1	00059024	          	33	0	2017/11/24  05:20:51
12813	1	00059024	          	33	0	2017/11/24  05:20:53
12814	1	00059014	          	33	0	2017/11/24  06:48:25
12815	1	00059014	          	33	0	2017/11/24  06:48:26
12816	1	00059021	          	33	0	2017/11/24  07:12:23
12817	1	00060001	          	33	0	2017/11/24  07:12:36
12818	1	00060001	          	33	0	2017/11/24  07:12:38
12819	1	00059021	          	33	0	2017/11/24  07:13:38
12820	1	00059021	          	33	0	2017/11/24  07:13:43
12821	1	00059020	          	33	0	2017/11/24  07:17:47
12822	1	00060002	          	33	0	2017/11/24  07:19:14
12823	1	00060002	          	33	0	2017/11/24  07:19:16
12824	1	00059020	          	33	0	2017/11/24  07:19:29
12825	1	00059030	          	33	0	2017/11/24  07:31:45
12826	1	00059030	          	33	0	2017/11/24  07:31:47
12827	1	00059029	          	33	0	2017/11/24  07:40:28
12828	1	00059029	          	33	0	2017/11/24  07:40:30
12829	1	00059029	          	33	0	2017/11/24  07:40:32
12830	1	00059018	          	33	0	2017/11/24  07:40:40
12831	1	00059018	          	33	0	2017/11/24  07:40:42
12832	1	00059017	          	33	0	2017/11/24  07:41:51
12833	1	00059017	          	33	0	2017/11/24  07:41:52
12834	1	00059017	          	33	0	2017/11/24  07:41:53
12835	1	00060003	          	33	0	2017/11/24  07:54:50
12836	1	00059009	          	33	0	2017/11/24  08:01:07
12837	1	00059026	          	33	0	2017/11/24  08:14:29
12838	1	00060003	          	33	0	2017/11/24  17:00:23
12839	1	00059020	          	33	0	2017/11/24  17:00:27
12840	1	00060003	          	33	0	2017/11/24  17:00:28
12841	1	00059014	          	33	0	2017/11/24  17:26:59
12842	1	00059009	          	33	0	2017/11/24  17:45:48
12843	1	00059026	          	33	0	2017/11/24  19:20:09
12844	1	00060002	          	33	0	2017/11/24  19:20:22
12845	1	00060002	          	33	0	2017/11/24  19:20:24
12846	1	00059029	          	33	0	2017/11/24  19:47:50
12847	1	00059029	          	33	0	2017/11/24  19:47:52
12848	1	00059028	          	33	0	2017/11/24  19:48:37
12849	1	00059021	          	33	0	2017/11/24  19:50:13
12850	1	00059017	          	33	0	2017/11/24  19:50:21
12851	1	00059017	          	33	0	2017/11/24  19:50:22
12852	1	00059017	          	33	0	2017/11/24  19:50:23
12853	1	00060001	          	33	0	2017/11/24  19:50:34
12854	1	00059018	          	33	0	2017/11/24  19:51:38
12855	1	00059018	          	33	0	2017/11/24  19:51:41
12856	1	00059024	          	33	0	2017/11/24  19:59:05
12857	1	00059024	          	33	0	2017/11/24  19:59:08
12858	1	00059024	          	33	0	2017/11/24  19:59:49
12859	1	00059024	          	33	0	2017/11/24  19:59:51
12860	1	00059030	          	33	0	2017/11/24  20:20:07
12861	1	00059030	          	33	0	2017/11/24  20:20:09
12862	1	00060001	          	33	0	2017/11/25  07:19:04
12863	1	00060001	          	33	0	2017/11/25  07:19:06
12864	1	00060001	          	33	0	2017/11/25  07:19:06
12865	1	00059030	          	33	0	2017/11/25  07:22:11
12866	1	00059030	          	33	0	2017/11/25  07:22:13
12867	1	00059020	          	33	0	2017/11/25  07:28:16
12868	1	00059028	          	33	0	2017/11/25  07:40:06
12869	1	00059029	          	33	0	2017/11/25  07:40:17
12870	1	00059029	          	33	0	2017/11/25  07:40:19
12871	1	00059024	          	33	0	2017/11/25  07:40:24
12872	1	00059024	          	33	0	2017/11/25  07:40:26
12873	1	00059018	          	33	0	2017/11/25  07:40:32
12874	1	00059018	          	33	0	2017/11/25  07:40:35
12875	1	00060002	          	33	0	2017/11/25  07:46:42
12876	1	00060002	          	33	0	2017/11/25  07:46:44
12877	1	00059021	          	33	0	2017/11/25  07:52:26
12878	1	00059021	          	33	0	2017/11/25  07:52:28
12879	1	00060003	          	33	0	2017/11/25  07:52:33
12880	1	00059017	          	33	0	2017/11/25  07:55:17
12881	1	00059017	          	33	0	2017/11/25  07:55:18
12882	1	00059017	          	33	0	2017/11/25  07:56:18
12883	1	00059017	          	33	0	2017/11/25  07:56:20
12884	1	00059017	          	33	0	2017/11/25  07:56:22
12885	1	00059017	          	33	0	2017/11/25  07:56:23
12886	1	00059017	          	33	0	2017/11/25  07:56:25
12887	1	00060001	          	33	0	2017/11/25  17:00:04
12888	1	00060003	          	33	0	2017/11/25  17:00:07
12889	1	00059021	          	33	0	2017/11/25  17:00:11
12890	1	00059017	          	33	0	2017/11/25  17:00:13
12891	1	00059017	          	33	0	2017/11/25  17:00:14
12892	1	00059017	          	33	0	2017/11/25  17:00:15
12893	1	00059017	          	33	0	2017/11/25  17:00:15
12894	1	00059017	          	33	0	2017/11/25  17:00:16
12895	1	00059020	          	33	0	2017/11/25  17:00:18
12896	1	00060002	          	33	0	2017/11/25  17:00:21
12897	1	00059030	          	33	0	2017/11/25  17:00:23
12898	1	00059030	          	33	0	2017/11/25  17:00:25
12899	1	00059024	          	33	0	2017/11/26  05:36:41
12900	1	00059024	          	33	0	2017/11/26  05:36:43
12901	1	00059029	          	33	0	2017/11/26  05:39:04
12902	1	00059029	          	33	0	2017/11/26  05:39:05
12903	1	00059030	          	33	0	2017/11/26  07:06:58
12904	1	00059030	          	33	0	2017/11/26  07:07:00
12905	1	00059021	          	33	0	2017/11/26  07:51:32
12906	1	00059017	          	33	0	2017/11/26  07:54:17
12907	1	00059017	          	33	0	2017/11/26  07:54:18
12908	1	00059017	          	33	0	2017/11/26  07:54:20
12909	1	00059017	          	33	0	2017/11/26  07:54:22
12910	1	00059017	          	33	0	2017/11/26  07:55:05
12911	1	00059021	          	33	0	2017/11/26  17:00:03
12912	1	00059017	          	33	0	2017/11/26  17:00:05
12913	1	00059017	          	33	0	2017/11/26  17:00:07
12914	1	00059017	          	33	0	2017/11/26  17:00:08
12915	1	00059017	          	33	0	2017/11/26  17:00:09
12916	1	00059030	          	33	0	2017/11/26  17:00:12
12917	1	00059030	          	33	0	2017/11/26  17:00:14
12918	1	00059020	          	33	0	2017/11/27  07:05:13
12919	1	00060001	          	33	0	2017/11/27  07:15:11
12920	1	00060001	          	33	0	2017/11/27  07:15:13
12921	1	00059030	          	33	0	2017/11/27  07:25:16
12922	1	00059030	          	33	0	2017/11/27  07:25:17
12923	1	00060002	          	33	0	2017/11/27  07:32:28
12924	1	00060002	          	33	0	2017/11/27  07:32:30
12925	1	00059021	          	33	0	2017/11/27  07:37:06
12926	1	00059021	          	33	0	2017/11/27  07:37:09
12927	1	00060003	          	33	0	2017/11/27  07:37:25
12928	1	00060003	          	33	0	2017/11/27  07:38:35
12929	1	00059017	          	33	0	2017/11/27  07:44:33
12930	1	00059017	          	33	0	2017/11/27  07:44:34
12931	1	00059017	          	33	0	2017/11/27  07:44:35
12932	1	00059030	          	33	0	2017/11/27  07:46:19
12933	1	00059014	          	33	0	2017/11/27  07:49:32
12934	1	00059009	          	33	0	2017/11/27  07:59:27
12935	1	00059026	          	33	0	2017/11/27  08:05:29
12936	1	00059020	          	33	0	2017/11/27  17:00:06
12937	1	00060003	          	33	0	2017/11/27  17:00:12
12938	1	00060001	          	33	0	2017/11/27  17:00:14
12939	1	00059014	          	33	0	2017/11/27  17:22:10
12940	1	00059018	          	33	0	2017/11/27  19:35:51
12941	1	00059018	          	33	0	2017/11/27  19:35:53
12942	1	00059028	          	33	0	2017/11/27  19:38:46
12943	1	00059030	          	33	0	2017/11/27  19:50:22
12944	1	00059030	          	33	0	2017/11/27  19:50:24
12945	1	00059026	          	33	0	2017/11/27  19:50:28
12946	1	00059029	          	33	0	2017/11/27  19:55:06
12947	1	00059029	          	33	0	2017/11/27  19:55:08
12948	1	00059024	          	33	0	2017/11/27  20:10:13
12949	1	00059024	          	33	0	2017/11/27  20:10:15
12950	1	00059021	          	33	0	2017/11/27  20:20:05
12951	1	00059017	          	33	0	2017/11/27  20:20:06
12952	1	00059017	          	33	0	2017/11/27  20:20:08
12953	1	00059017	          	33	0	2017/11/27  20:20:09
12954	1	00060002	          	33	0	2017/11/27  20:20:40
12955	1	00060002	          	33	0	2017/11/27  20:20:42
12956	1	00059014	          	33	0	2017/11/28  07:05:12
12957	1	00059014	          	33	0	2017/11/28  07:05:12
12958	1	00059020	          	33	0	2017/11/28  07:19:41
12959	1	00059020	          	33	0	2017/11/28  07:19:43
12960	1	00059030	          	33	0	2017/11/28  07:21:29
12961	1	00059030	          	33	0	2017/11/28  07:21:31
12962	1	00059021	          	33	0	2017/11/28  07:33:53
12963	1	00060002	          	33	0	2017/11/28  07:33:59
12964	1	00060002	          	33	0	2017/11/28  07:34:01
12965	1	00060002	          	33	0	2017/11/28  07:36:58
12966	1	00059017	          	33	0	2017/11/28  07:38:06
12967	1	00059017	          	33	0	2017/11/28  07:38:07
12968	1	00059017	          	33	0	2017/11/28  07:38:09
12969	1	00059017	          	33	0	2017/11/28  07:38:10
12970	1	00059017	          	33	0	2017/11/28  07:38:12
12971	1	00059017	          	33	0	2017/11/28  07:38:24
12972	1	00060001	          	33	0	2017/11/28  07:39:54
12973	1	00060001	          	33	0	2017/11/28  07:39:55
12974	1	00059029	          	33	0	2017/11/28  07:40:07
12975	1	00059029	          	33	0	2017/11/28  07:40:09
12976	1	00059028	          	33	0	2017/11/28  07:40:13
12977	1	00059021	          	33	0	2017/11/28  07:47:28
12978	1	00059018	          	33	0	2017/11/28  07:48:19
12979	1	00059018	          	33	0	2017/11/28  07:48:21
12980	1	00059026	          	33	0	2017/11/28  07:54:02
12981	1	00060003	          	33	0	2017/11/28  07:54:04
12982	1	00059009	          	33	0	2017/11/28  07:58:43
12983	1	00060001	          	33	0	2017/11/28  17:00:03
12984	1	00060001	          	33	0	2017/11/28  17:00:05
12985	1	00060003	          	33	0	2017/11/28  17:00:07
12986	1	00059014	          	33	0	2017/11/28  17:16:17
12987	1	00059009	          	33	0	2017/11/28  18:07:41
12988	1	00059020	          	33	0	2017/11/28  19:20:04
12989	1	00059026	          	33	0	2017/11/28  19:50:47
12990	1	00059029	          	33	0	2017/11/28  19:53:03
12991	1	00059029	          	33	0	2017/11/28  19:53:05
12992	1	00059028	          	33	0	2017/11/28  19:53:16
12993	1	00059018	          	33	0	2017/11/28  19:58:09
12994	1	00059018	          	33	0	2017/11/28  19:58:11
12995	1	00059024	          	33	0	2017/11/28  20:01:23
12996	1	00059024	          	33	0	2017/11/28  20:01:25
12997	1	00059021	          	33	0	2017/11/28  20:20:06
12998	1	00059017	          	33	0	2017/11/28  20:20:10
12999	1	00059017	          	33	0	2017/11/28  20:20:11
13000	1	00060002	          	33	0	2017/11/28  20:20:24
13001	1	00059030	          	33	0	2017/11/28  20:20:27
13002	1	00059030	          	33	0	2017/11/28  20:20:29
13003	1	00059024	          	33	0	2017/11/29  05:26:58
13004	1	00059024	          	33	0	2017/11/29  05:27:00
13005	1	00059014	          	33	0	2017/11/29  06:59:51
13006	1	00060001	          	33	0	2017/11/29  07:18:31
13007	1	00060001	          	33	0	2017/11/29  07:18:33
13008	1	00060001	          	33	0	2017/11/29  07:18:34
13009	1	00059030	          	33	0	2017/11/29  07:18:41
13010	1	00059030	          	33	0	2017/11/29  07:18:43
13011	1	00059020	          	33	0	2017/11/29  07:21:24
13012	1	00059021	          	33	0	2017/11/29  07:36:34
13013	1	00059029	          	33	0	2017/11/29  07:40:04
13014	1	00059029	          	33	0	2017/11/29  07:40:06
13015	1	00059028	          	33	0	2017/11/29  07:40:10
13016	1	00059018	          	33	0	2017/11/29  07:40:18
13017	1	00059018	          	33	0	2017/11/29  07:40:20
13018	1	00060003	          	33	0	2017/11/29  07:42:12
13019	1	00059020	          	33	0	2017/11/29  07:43:40
13020	1	00059017	          	33	0	2017/11/29  07:43:54
13021	1	00059017	          	33	0	2017/11/29  07:43:56
13022	1	00059017	          	33	0	2017/11/29  07:43:57
13023	1	00060002	          	33	0	2017/11/29  07:47:52
13024	1	00060002	          	33	0	2017/11/29  07:47:54
13025	1	00059017	          	33	0	2017/11/29  07:48:40
13026	1	00059026	          	33	0	2017/11/29  07:49:27
13027	1	00059030	          	33	0	2017/11/29  07:55:10
13028	1	00059009	          	33	0	2017/11/29  08:02:51
13029	1	00060001	          	33	0	2017/11/29  17:00:18
13030	1	00060001	          	33	0	2017/11/29  17:00:20
13031	1	00059026	          	33	0	2017/11/29  17:00:27
13032	1	00060003	          	33	0	2017/11/29  17:00:34
13033	1	00059009	          	33	0	2017/11/29  17:03:07
13034	1	00059009	          	33	0	2017/11/29  17:03:08
13035	1	00059014	          	33	0	2017/11/29  17:45:46
13036	1	00059020	          	33	0	2017/11/29  19:21:45
13037	1	00059018	          	33	0	2017/11/29  19:27:50
13038	1	00059018	          	33	0	2017/11/29  19:27:52
13039	1	00059028	          	33	0	2017/11/29  19:53:43
13040	1	00059024	          	33	0	2017/11/29  20:03:07
13041	1	00059024	          	33	0	2017/11/29  20:03:09
13042	1	00059021	          	33	0	2017/11/29  20:20:03
13043	1	00059017	          	33	0	2017/11/29  20:20:05
13044	1	00059017	          	33	0	2017/11/29  20:20:07
13045	1	00059017	          	33	0	2017/11/29  20:20:08
13046	1	00059030	          	33	0	2017/11/29  20:20:11
13047	1	00059030	          	33	0	2017/11/29  20:20:12
13048	1	00060002	          	33	0	2017/11/29  20:20:16
13049	1	00060002	          	33	0	2017/11/29  20:20:18
13050	1	00059014	          	33	0	2017/11/30  06:54:17
13051	1	00059021	          	33	0	2017/11/30  07:22:26
13052	1	00059030	          	33	0	2017/11/30  07:22:32
13053	1	00059030	          	33	0	2017/11/30  07:22:34
13054	1	00059020	          	33	0	2017/11/30  07:22:45
13055	1	00059020	          	33	0	2017/11/30  07:22:49
13056	1	00059020	          	33	0	2017/11/30  07:23:59
13057	1	00059021	          	33	0	2017/11/30  07:31:12
13058	1	00060001	          	33	0	2017/11/30  07:38:40
13059	1	00060001	          	33	0	2017/11/30  07:38:42
13060	1	00059028	          	33	0	2017/11/30  07:40:37
13061	1	00059024	          	33	0	2017/11/30  07:40:53
13062	1	00059024	          	33	0	2017/11/30  07:40:54
13063	1	00059018	          	33	0	2017/11/30  07:41:21
13064	1	00059018	          	33	0	2017/11/30  07:41:23
13065	1	00059017	          	33	0	2017/11/30  07:45:40
13066	1	00059017	          	33	0	2017/11/30  07:45:41
13067	1	00059017	          	33	0	2017/11/30  07:45:42
13068	1	00060002	          	33	0	2017/11/30  07:53:26
13069	1	00060003	          	33	0	2017/11/30  07:56:50
13070	1	00059009	          	33	0	2017/11/30  07:58:35
13071	1	00060001	          	33	0	2017/11/30  17:00:02
13072	1	00060001	          	33	0	2017/11/30  17:00:03
13073	1	00060003	          	33	0	2017/11/30  17:00:08
13074	1	00059014	          	33	0	2017/11/30  17:18:23
13075	1	00059009	          	33	0	2017/11/30  17:40:53
13076	1	00059021	          	33	0	2017/11/30  18:50:33
13077	1	00059020	          	33	0	2017/11/30  19:20:41
13078	1	00059028	          	33	0	2017/11/30  19:45:44
13079	1	00059029	          	33	0	2017/11/30  19:45:46
13080	1	00059029	          	33	0	2017/11/30  19:45:48
13081	1	00059018	          	33	0	2017/11/30  19:45:49
13082	1	00059018	          	33	0	2017/11/30  19:45:50
13083	1	00059018	          	33	0	2017/11/30  19:45:52
13084	1	00059018	          	33	0	2017/11/30  19:45:54
13085	1	00060002	          	33	0	2017/11/30  19:50:15
13086	1	00060002	          	33	0	2017/11/30  19:50:17
13087	1	00059024	          	33	0	2017/11/30  19:58:46
13088	1	00059030	          	33	0	2017/11/30  20:20:25
13089	1	00059030	          	33	0	2017/11/30  20:20:27
13090	1	00059017	          	33	0	2017/11/30  20:20:32
13091	1	00059017	          	33	0	2017/11/30  20:20:33
13092	1	00059017	          	33	0	2017/11/30  20:20:34
13093	1	00059024	          	33	0	2017/12/01  05:22:26
13094	1	00059024	          	33	0	2017/12/01  05:22:28
13095	1	00059014	          	33	0	2017/12/01  06:34:33
13096	1	00059020	          	33	0	2017/12/01  07:18:46
13097	1	00060001	          	33	0	2017/12/01  07:27:04
13098	1	00060001	          	33	0	2017/12/01  07:27:06
13099	1	00059030	          	33	0	2017/12/01  07:31:09
13100	1	00059030	          	33	0	2017/12/01  07:31:10
13101	1	00059021	          	33	0	2017/12/01  07:37:42
13102	1	00059021	          	33	0	2017/12/01  07:40:00
13103	1	00059028	          	33	0	2017/12/01  07:40:27
13104	1	00059018	          	33	0	2017/12/01  07:41:09
13105	1	00059018	          	33	0	2017/12/01  07:41:11
13106	1	00059030	          	33	0	2017/12/01  07:44:24
13107	1	00059030	          	33	0	2017/12/01  07:44:26
13108	1	00060002	          	33	0	2017/12/01  07:45:23
13109	1	00059017	          	33	0	2017/12/01  07:45:40
13110	1	00059017	          	33	0	2017/12/01  07:45:41
13111	1	00059017	          	33	0	2017/12/01  07:45:42
13112	1	00059017	          	33	0	2017/12/01  07:45:43
13113	1	00059026	          	33	0	2017/12/01  07:45:50
13114	1	00059009	          	33	0	2017/12/01  07:55:53
13115	1	00059020	          	33	0	2017/12/01  17:00:02
13116	1	00059026	          	33	0	2017/12/01  17:00:09
13117	1	00060002	          	33	0	2017/12/01  17:00:15
13118	1	00060002	          	33	0	2017/12/01  17:00:16
13119	1	00059014	          	33	0	2017/12/01  17:15:11
13120	1	00059009	          	33	0	2017/12/01  17:46:28
13121	1	00059021	          	33	0	2017/12/01  18:53:57
13122	1	00060001	          	33	0	2017/12/01  19:20:03
13123	1	00060001	          	33	0	2017/12/01  19:20:04
13124	1	00059028	          	33	0	2017/12/01  19:44:12
13125	1	00059030	          	33	0	2017/12/01  19:50:04
13126	1	00059030	          	33	0	2017/12/01  19:50:06
13127	1	00059018	          	33	0	2017/12/01  19:53:05
13128	1	00059018	          	33	0	2017/12/01  19:53:08
13129	1	00059024	          	33	0	2017/12/01  20:06:29
13130	1	00059024	          	33	0	2017/12/01  20:06:32
13131	1	00059029	          	33	0	2017/12/01  20:07:16
13132	1	00059029	          	33	0	2017/12/01  20:07:18
13133	1	00059017	          	33	0	2017/12/01  20:20:04
13134	1	00059017	          	33	0	2017/12/01  20:20:05
13135	1	00059017	          	33	0	2017/12/01  20:20:07
13136	1	00059024	          	33	0	2017/12/02  05:21:02
13137	1	00059024	          	33	0	2017/12/02  05:21:04
13138	1	00060001	          	33	0	2017/12/02  07:01:16
13139	1	00060001	          	33	0	2017/12/02  07:01:18
13140	1	00059030	          	33	0	2017/12/02  07:21:09
13141	1	00059030	          	33	0	2017/12/02  07:21:11
13142	1	00059028	          	33	0	2017/12/02  07:40:06
13143	1	00059018	          	33	0	2017/12/02  07:40:50
13144	1	00059018	          	33	0	2017/12/02  07:40:52
13145	1	00059029	          	33	0	2017/12/02  07:41:21
13146	1	00059029	          	33	0	2017/12/02  07:41:22
13147	1	00059017	          	33	0	2017/12/02  07:42:53
13148	1	00059017	          	33	0	2017/12/02  07:42:54
13149	1	00059017	          	33	0	2017/12/02  07:42:55
13150	1	00060002	          	33	0	2017/12/02  07:45:18
13151	1	00059020	          	33	0	2017/12/02  07:46:26
13152	1	00059030	          	33	0	2017/12/02  07:54:00
13153	1	00059017	          	33	0	2017/12/02  17:00:03
13154	1	00059017	          	33	0	2017/12/02  17:00:05
13155	1	00060001	          	33	0	2017/12/02  17:00:07
13156	1	00060001	          	33	0	2017/12/02  17:00:09
13157	1	00059030	          	33	0	2017/12/02  17:00:12
13158	1	00059030	          	33	0	2017/12/02  17:00:14
13159	1	00060002	          	33	0	2017/12/02  17:00:18
13160	1	00060002	          	33	0	2017/12/02  17:00:19
13161	1	00059020	          	33	0	2017/12/02  17:00:25
13162	1	00059028	          	33	0	2017/12/02  19:25:43
13163	1	00059018	          	33	0	2017/12/02  21:05:59
13164	1	00059018	          	33	0	2017/12/02  21:06:02
13165	1	00059028	          	33	0	2017/12/03  05:20:06
13166	1	00059018	          	33	0	2017/12/03  05:20:12
13167	1	00059018	          	33	0	2017/12/03  05:20:15
13168	1	00000002	          	33	0	2017/12/04  06:22:08
13169	1	00059014	          	33	0	2017/12/04  06:22:11
13170	1	00059014	          	33	0	2017/12/04  06:22:17
13171	1	00059018	          	33	0	2017/12/04  06:59:40
13172	1	00059018	          	33	0	2017/12/04  06:59:42
13173	1	00059020	          	33	0	2017/12/04  07:06:25
13174	1	00059020	          	33	0	2017/12/04  07:14:05
13175	1	00060002	          	33	0	2017/12/04  07:29:15
13176	1	00060002	          	33	0	2017/12/04  07:29:16
13177	1	00059028	          	33	0	2017/12/04  07:31:17
13178	1	00059017	          	33	0	2017/12/04  07:48:49
13179	1	00059017	          	33	0	2017/12/04  07:48:50
13180	1	00059017	          	33	0	2017/12/04  07:48:52
13181	1	00059029	          	33	0	2017/12/04  07:49:31
13182	1	00059029	          	33	0	2017/12/04  07:49:33
13183	1	00059026	          	33	0	2017/12/04  07:53:02
13184	1	00059029	          	33	0	2017/12/04  07:53:11
13185	1	00059029	          	33	0	2017/12/04  07:53:14
13186	1	00059009	          	33	0	2017/12/04  09:02:24
13187	1	00059026	          	33	0	2017/12/04  17:00:02
13188	1	00059028	          	33	0	2017/12/04  17:00:09
13189	1	00059020	          	33	0	2017/12/04  17:00:13
13190	1	00059018	          	33	0	2017/12/04  17:00:25
13191	1	00059018	          	33	0	2017/12/04  17:00:27
13192	1	00059029	          	33	0	2017/12/04  17:00:31
13193	1	00059029	          	33	0	2017/12/04  17:00:33
13194	1	00059009	          	33	0	2017/12/04  17:01:22
13195	1	00059014	          	33	0	2017/12/04  17:32:50
13196	1	00060001	          	33	0	2017/12/04  19:15:48
13197	1	00060001	          	33	0	2017/12/04  19:15:49
13198	1	00060003	          	33	0	2017/12/04  19:17:32
13199	1	00059021	          	33	0	2017/12/04  19:17:55
13200	1	00059021	          	33	0	2017/12/04  19:17:57
13201	1	00059030	          	33	0	2017/12/04  19:29:40
13202	1	00059030	          	33	0	2017/12/04  19:29:42
13203	1	00060002	          	33	0	2017/12/04  20:20:33
13204	1	00060002	          	33	0	2017/12/04  20:20:35
13205	1	00059017	          	33	0	2017/12/04  20:20:37
13206	1	00059017	          	33	0	2017/12/04  20:20:38
13207	1	00059017	          	33	0	2017/12/04  20:20:39
13208	1	00060003	          	33	0	2017/12/05  06:26:43
13209	1	00059021	          	33	0	2017/12/05  07:40:02
13210	1	00060001	          	33	0	2017/12/05  07:40:07
13211	1	00060001	          	33	0	2017/12/05  07:40:07
13212	1	00059030	          	33	0	2017/12/05  07:40:11
13213	1	00059030	          	33	0	2017/12/05  07:40:13
13214	1	00059014	          	33	0	2017/12/06  06:44:46
13215	1	00059020	          	33	0	2017/12/06  07:17:23
13216	1	00060002	          	33	0	2017/12/06  07:36:28
13217	1	00060002	          	33	0	2017/12/06  07:36:30
13218	1	00059017	          	33	0	2017/12/06  07:46:25
13219	1	00059017	          	33	0	2017/12/06  07:46:26
13220	1	00059017	          	33	0	2017/12/06  07:46:28
13221	1	00059017	          	33	0	2017/12/06  07:47:01
13222	1	00059009	          	33	0	2017/12/06  07:54:33
13223	1	00059024	          	33	0	2017/12/06  07:59:09
13224	1	00059024	          	33	0	2017/12/06  07:59:12
13225	1	00059029	          	33	0	2017/12/06  07:59:31
13226	1	00059029	          	33	0	2017/12/06  07:59:33
13227	1	00059026	          	33	0	2017/12/06  09:55:43
13228	1	00059020	          	33	0	2017/12/06  17:00:04
13229	1	00059024	          	33	0	2017/12/06  17:00:12
13230	1	00059029	          	33	0	2017/12/06  17:00:16
13231	1	00059029	          	33	0	2017/12/06  17:00:18
13232	1	00059021	          	33	0	2017/12/06  18:58:07
13233	1	00059021	          	33	0	2017/12/06  18:58:09
13234	1	00060001	          	33	0	2017/12/06  18:58:23
13235	1	00060001	          	33	0	2017/12/06  18:58:24
13236	1	00060003	          	33	0	2017/12/06  19:22:32
13237	1	00059030	          	33	0	2017/12/06  19:26:44
13238	1	00059030	          	33	0	2017/12/06  19:26:45
13239	1	00059026	          	33	0	2017/12/06  19:50:08
13240	1	00059017	          	33	0	2017/12/06  20:20:08
13241	1	00059017	          	33	0	2017/12/06  20:20:11
13242	1	00059017	          	33	0	2017/12/06  20:20:12
13243	1	00060002	          	33	0	2017/12/06  20:20:15
13244	1	00060002	          	33	0	2017/12/06  20:20:17
13245	1	00059014	          	33	0	2017/12/07  06:31:07
13246	1	00059018	          	33	0	2017/12/07  07:09:19
13247	1	00059018	          	33	0	2017/12/07  07:09:21
13248	1	00059020	          	33	0	2017/12/07  07:24:12
13249	1	00059020	          	33	0	2017/12/07  07:25:53
13250	1	00060002	          	33	0	2017/12/07  07:37:20
13251	1	00060002	          	33	0	2017/12/07  07:37:22
13252	1	00059028	          	33	0	2017/12/07  07:38:16
13253	1	00059021	          	33	0	2017/12/07  07:40:05
13254	1	00060001	          	33	0	2017/12/07  07:40:08
13255	1	00059030	          	33	0	2017/12/07  07:40:12
13256	1	00059030	          	33	0	2017/12/07  07:40:16
13257	1	00060003	          	33	0	2017/12/07  07:40:19
13258	1	00059024	          	33	0	2017/12/07  07:42:20
13259	1	00059024	          	33	0	2017/12/07  07:42:23
13260	1	00059017	          	33	0	2017/12/07  07:49:34
13261	1	00059017	          	33	0	2017/12/07  07:49:36
13262	1	00059017	          	33	0	2017/12/07  07:49:38
13263	1	00060002	          	33	0	2017/12/07  07:55:42
13264	1	00059026	          	33	0	2017/12/07  07:57:56
13265	1	00059029	          	33	0	2017/12/07  08:02:30
13266	1	00059029	          	33	0	2017/12/07  08:02:32
13267	1	00059024	          	33	0	2017/12/07  17:00:11
13268	1	00059024	          	33	0	2017/12/07  17:00:13
13269	1	00059017	          	33	0	2017/12/07  17:00:18
13270	1	00059017	          	33	0	2017/12/07  17:00:20
13271	1	00059017	          	33	0	2017/12/07  17:00:21
13272	1	00059014	          	33	0	2017/12/07  17:25:44
13273	1	00059009	          	33	0	2017/12/07  17:37:43
13274	1	00059021	          	33	0	2017/12/07  19:00:43
13275	1	00059021	          	33	0	2017/12/07  19:00:45
13276	1	00060001	          	33	0	2017/12/07  19:00:52
13277	1	00060001	          	33	0	2017/12/07  19:00:54
13278	1	00060003	          	33	0	2017/12/07  19:07:41
13279	1	00059030	          	33	0	2017/12/07  19:11:14
13280	1	00059030	          	33	0	2017/12/07  19:11:16
13281	1	00059020	          	33	0	2017/12/07  19:20:29
13282	1	00059026	          	33	0	2017/12/07  19:50:13
13283	1	00059028	          	33	0	2017/12/07  19:50:18
13284	1	00060002	          	33	0	2017/12/07  20:20:06
13285	1	00060002	          	33	0	2017/12/07  20:20:08
13286	1	00059029	          	33	0	2017/12/07  20:20:40
13287	1	00059029	          	33	0	2017/12/07  20:20:42
13288	1	00059018	          	33	0	2017/12/07  20:20:49
13289	1	00059018	          	33	0	2017/12/07  20:20:52
13290	1	00059021	          	33	0	2017/12/08  07:02:27
13291	1	00059014	          	33	0	2017/12/08  07:05:55
13292	1	00059020	          	33	0	2017/12/08  07:23:06
13293	1	00059018	          	33	0	2017/12/08  07:32:49
13294	1	00059018	          	33	0	2017/12/08  07:32:51
13295	1	00059009	          	33	0	2017/12/08  07:34:35
13296	1	00059028	          	33	0	2017/12/08  07:39:06
13297	1	00060002	          	33	0	2017/12/08  07:39:47
13298	1	00060002	          	33	0	2017/12/08  07:39:49
13299	1	00060001	          	33	0	2017/12/08  07:40:21
13300	1	00060003	          	33	0	2017/12/08  07:40:32
13301	1	00060003	          	33	0	2017/12/08  07:42:04
13302	1	00059030	          	33	0	2017/12/08  07:42:12
13303	1	00059030	          	33	0	2017/12/08  07:42:14
13304	1	00059024	          	33	0	2017/12/08  07:44:55
13305	1	00059024	          	33	0	2017/12/08  07:44:58
13306	1	00059017	          	33	0	2017/12/08  07:45:03
13307	1	00059017	          	33	0	2017/12/08  07:45:04
13308	1	00059017	          	33	0	2017/12/08  07:45:06
13309	1	00059017	          	33	0	2017/12/08  07:45:07
13310	1	00059026	          	33	0	2017/12/08  07:46:46
13311	1	00059029	          	33	0	2017/12/08  07:52:50
13312	1	00059029	          	33	0	2017/12/08  07:52:52
13313	1	00059017	          	33	0	2017/12/08  07:53:11
13314	1	00059028	          	33	0	2017/12/08  17:00:05
13315	1	00059026	          	33	0	2017/12/08  17:00:08
13316	1	00059014	          	33	0	2017/12/08  17:24:12
13317	1	00059014	          	33	0	2017/12/08  17:24:13
13318	1	00060001	          	33	0	2017/12/08  19:07:13
13319	1	00060001	          	33	0	2017/12/08  19:07:15
13320	1	00060001	          	33	0	2017/12/08  19:08:22
13321	1	00060001	          	33	0	2017/12/08  19:08:24
13322	1	00059020	          	33	0	2017/12/08  19:23:16
13323	1	00059021	          	33	0	2017/12/08  19:32:58
13324	1	00059021	          	33	0	2017/12/08  19:33:00
13325	1	00060003	          	33	0	2017/12/08  19:34:25
13326	1	00059030	          	33	0	2017/12/08  19:48:17
13327	1	00059030	          	33	0	2017/12/08  19:48:19
13328	1	00060002	          	33	0	2017/12/08  20:20:08
13329	1	00060002	          	33	0	2017/12/08  20:20:09
13330	1	00059017	          	33	0	2017/12/08  20:20:13
13331	1	00059017	          	33	0	2017/12/08  20:20:15
13332	1	00059017	          	33	0	2017/12/08  20:20:16
13333	1	00059017	          	33	0	2017/12/08  20:20:17
13334	1	00059017	          	33	0	2017/12/08  20:20:19
13335	1	00059024	          	33	0	2017/12/08  20:20:25
13336	1	00059024	          	33	0	2017/12/08  20:20:27
13337	1	00059018	          	33	0	2017/12/08  20:20:34
13338	1	00059018	          	33	0	2017/12/08  20:20:37
13339	1	00059018	          	33	0	2017/12/08  20:20:39
13340	1	00059018	          	33	0	2017/12/08  20:20:41
13341	1	00059029	          	33	0	2017/12/08  20:20:44
13342	1	00059029	          	33	0	2017/12/08  20:20:46
13343	1	00059018	          	33	0	2017/12/09  07:28:27
13344	1	00059018	          	33	0	2017/12/09  07:28:30
13345	1	00059021	          	33	0	2017/12/09  07:40:17
13346	1	00059030	          	33	0	2017/12/09  07:40:26
13347	1	00059030	          	33	0	2017/12/09  07:40:28
13348	1	00060003	          	33	0	2017/12/09  07:40:33
13349	1	00060001	          	33	0	2017/12/09  07:40:34
13350	1	00060001	          	33	0	2017/12/09  07:40:35
13351	1	00060003	          	33	0	2017/12/09  07:40:38
13352	1	00059024	          	33	0	2017/12/09  07:52:58
13353	1	00059024	          	33	0	2017/12/09  07:53:01
13354	1	00059017	          	33	0	2017/12/09  07:55:18
13355	1	00059017	          	33	0	2017/12/09  07:55:19
13356	1	00059017	          	33	0	2017/12/09  07:55:21
13357	1	00060002	          	33	0	2017/12/09  07:58:17
13358	1	00060002	          	33	0	2017/12/09  07:58:19
13359	1	00060002	          	33	0	2017/12/09  07:59:10
13360	1	00059029	          	33	0	2017/12/09  08:01:15
13361	1	00059029	          	33	0	2017/12/09  17:00:03
13362	1	00059029	          	33	0	2017/12/09  17:00:03
13363	1	00059029	          	33	0	2017/12/09  17:00:04
13364	1	00059029	          	33	0	2017/12/09  17:00:06
13365	1	00059029	          	33	0	2017/12/09  17:00:07
13366	1	00059029	          	33	0	2017/12/09  17:00:08
13367	1	00059029	          	33	0	2017/12/09  17:00:08
13368	1	00059029	          	33	0	2017/12/09  17:00:09
13369	1	00059017	          	33	0	2017/12/09  17:00:13
13370	1	00059017	          	33	0	2017/12/09  17:00:14
13371	1	00059017	          	33	0	2017/12/09  17:00:15
13372	1	00059017	          	33	0	2017/12/09  17:00:16
13373	1	00059017	          	33	0	2017/12/09  17:00:17
13374	1	00059017	          	33	0	2017/12/09  17:00:18
13375	1	00059017	          	33	0	2017/12/09  17:00:18
13376	1	00059017	          	33	0	2017/12/09  17:00:19
13377	1	00059017	          	33	0	2017/12/09  17:00:20
13378	1	00059024	          	33	0	2017/12/09  17:00:26
13379	1	00060002	          	33	0	2017/12/09  17:00:34
13380	1	00060002	          	33	0	2017/12/09  17:00:36
13381	1	00059018	          	33	0	2017/12/09  17:01:38
13382	1	00059018	          	33	0	2017/12/09  17:01:40
13383	1	00060003	          	33	0	2017/12/09  19:16:59
13384	1	00059021	          	33	0	2017/12/09  19:25:55
13385	1	00060001	          	33	0	2017/12/09  19:42:51
13386	1	00060001	          	33	0	2017/12/09  19:42:53
13387	1	00060001	          	33	0	2017/12/09  19:42:54
13388	1	00060001	          	33	0	2017/12/09  19:43:35
13389	1	00059030	          	33	0	2017/12/09  19:51:20
13390	1	00059030	          	33	0	2017/12/09  19:51:22
13391	1	00059030	          	33	0	2017/12/09  19:51:24
13392	1	00060003	          	33	0	2017/12/10  05:20:15
13393	1	00060001	          	33	0	2017/12/10  05:20:19
13394	1	00060001	          	33	0	2017/12/10  05:20:21
13395	1	00059030	          	33	0	2017/12/10  05:20:26
13396	1	00059030	          	33	0	2017/12/10  05:20:28
13397	1	00060003	          	33	0	2017/12/10  05:20:45
13398	1	00059021	          	33	0	2017/12/10  05:20:49
13399	1	00059014	          	33	0	2017/12/11  06:18:22
13400	1	00059018	          	33	0	2017/12/11  06:28:52
13401	1	00059018	          	33	0	2017/12/11  06:28:54
13402	1	00059020	          	33	0	2017/12/11  07:11:28
13403	1	00060002	          	33	0	2017/12/11  07:23:16
13404	1	00060002	          	33	0	2017/12/11  07:23:17
13405	1	00059028	          	33	0	2017/12/11  07:31:58
13406	1	00059017	          	33	0	2017/12/11  07:46:26
13407	1	00059017	          	33	0	2017/12/11  07:46:28
13408	1	00059017	          	33	0	2017/12/11  07:46:31
13409	1	00059024	          	33	0	2017/12/11  07:48:41
13410	1	00059024	          	33	0	2017/12/11  07:48:43
13411	1	00059029	          	33	0	2017/12/11  07:52:22
13412	1	00059029	          	33	0	2017/12/11  07:52:23
13413	1	00059026	          	33	0	2017/12/11  08:01:12
13414	1	00059029	          	33	0	2017/12/11  17:00:13
13415	1	00059029	          	33	0	2017/12/11  17:00:16
13416	1	00059024	          	33	0	2017/12/11  17:00:21
13417	1	00059024	          	33	0	2017/12/11  17:00:23
13418	1	00059028	          	33	0	2017/12/11  17:00:32
13419	1	00059026	          	33	0	2017/12/11  17:00:36
13420	1	00059014	          	33	0	2017/12/11  18:10:36
13421	1	00060001	          	33	0	2017/12/11  19:05:22
13422	1	00060001	          	33	0	2017/12/11  19:05:24
13423	1	00060003	          	33	0	2017/12/11  19:15:35
13424	1	00059030	          	33	0	2017/12/11  19:19:11
13425	1	00059030	          	33	0	2017/12/11  19:19:14
13426	1	00059030	          	33	0	2017/12/11  19:19:16
13427	1	00060002	          	33	0	2017/12/11  19:20:12
13428	1	00060002	          	33	0	2017/12/11  19:20:14
13429	1	00059030	          	33	0	2017/12/11  19:21:20
13430	1	00059021	          	33	0	2017/12/11  19:25:19
13431	1	00059021	          	33	0	2017/12/11  19:25:21
13432	1	00059020	          	33	0	2017/12/11  19:53:16
13433	1	00059020	          	33	0	2017/12/11  19:53:21
13434	1	00059018	          	33	0	2017/12/11  20:20:19
13435	1	00059018	          	33	0	2017/12/11  20:20:21
13436	1	00059018	          	33	0	2017/12/11  20:20:23
13437	1	00059017	          	33	0	2017/12/11  20:20:25
13438	1	00059017	          	33	0	2017/12/11  20:20:26
13439	1	00059017	          	33	0	2017/12/11  20:20:27
13440	1	00059017	          	33	0	2017/12/11  20:20:28
13441	1	00059017	          	33	0	2017/12/11  20:20:29
13442	1	00059014	          	33	0	2017/12/12  06:41:42
13443	1	00059020	          	33	0	2017/12/12  07:10:37
13444	1	00060002	          	33	0	2017/12/12  07:20:58
13445	1	00059018	          	33	0	2017/12/12  07:29:19
13446	1	00059018	          	33	0	2017/12/12  07:29:22
13447	1	00059030	          	33	0	2017/12/12  07:40:40
13448	1	00059030	          	33	0	2017/12/12  07:40:42
13449	1	00059021	          	33	0	2017/12/12  07:40:45
13450	1	00059021	          	33	0	2017/12/12  07:40:47
13451	1	00060001	          	33	0	2017/12/12  07:40:49
13452	1	00060001	          	33	0	2017/12/12  07:40:51
13453	1	00060003	          	33	0	2017/12/12  07:41:04
13454	1	00059028	          	33	0	2017/12/12  07:44:59
13455	1	00059017	          	33	0	2017/12/12  07:45:05
13456	1	00059017	          	33	0	2017/12/12  07:45:06
13457	1	00059017	          	33	0	2017/12/12  07:45:08
13458	1	00059017	          	33	0	2017/12/12  07:45:10
13459	1	00059026	          	33	0	2017/12/12  07:52:24
13460	1	00059024	          	33	0	2017/12/12  07:53:54
13461	1	00059024	          	33	0	2017/12/12  07:53:56
13462	1	00059029	          	33	0	2017/12/12  07:59:04
13463	1	00059029	          	33	0	2017/12/12  07:59:07
13464	1	00059009	          	33	0	2017/12/12  08:06:07
13465	1	00059020	          	33	0	2017/12/12  17:00:04
13466	1	00059028	          	33	0	2017/12/12  17:00:09
13467	1	00059017	          	33	0	2017/12/12  17:00:12
13468	1	00059017	          	33	0	2017/12/12  17:00:12
13469	1	00059017	          	33	0	2017/12/12  17:00:13
13470	1	00059017	          	33	0	2017/12/12  17:00:14
13471	1	00059009	          	33	0	2017/12/12  17:29:47
13472	1	00060001	          	33	0	2017/12/12  19:03:34
13473	1	00060001	          	33	0	2017/12/12  19:03:35
13474	1	00060003	          	33	0	2017/12/12  19:12:38
13475	1	00059030	          	33	0	2017/12/12  19:19:56
13476	1	00059030	          	33	0	2017/12/12  19:19:59
13477	1	00060002	          	33	0	2017/12/12  19:20:13
13478	1	00060002	          	33	0	2017/12/12  19:20:15
13479	1	00059024	          	33	0	2017/12/12  19:20:18
13480	1	00059024	          	33	0	2017/12/12  19:20:20
13481	1	00059021	          	33	0	2017/12/12  19:25:09
13482	1	00059021	          	33	0	2017/12/12  19:25:11
13483	1	00059021	          	33	0	2017/12/12  19:35:45
13484	1	00059021	          	33	0	2017/12/12  19:35:47
13485	1	00059026	          	33	0	2017/12/12  19:51:03
13486	1	00059029	          	33	0	2017/12/12  20:20:04
13487	1	00059029	          	33	0	2017/12/12  20:20:06
13488	1	00059029	          	33	0	2017/12/12  20:20:08
13489	1	00059029	          	33	0	2017/12/12  20:20:10
13490	1	00059018	          	33	0	2017/12/12  20:20:15
13491	1	00059018	          	33	0	2017/12/12  20:20:18
13492	1	00059018	          	33	0	2017/12/12  20:20:20
13493	1	00059014	          	33	0	2017/12/13  06:53:58
13494	1	00060002	          	33	0	2017/12/13  07:28:13
13495	1	00059028	          	33	0	2017/12/13  07:34:26
13496	1	00059020	          	33	0	2017/12/13  07:34:35
13497	1	00059018	          	33	0	2017/12/13  07:35:16
13498	1	00059018	          	33	0	2017/12/13  07:35:18
13499	1	00059020	          	33	0	2017/12/13  07:37:51
13500	1	00060001	          	33	0	2017/12/13  07:41:04
13501	1	00060001	          	33	0	2017/12/13  07:41:06
13502	1	00060001	          	33	0	2017/12/13  07:41:07
13503	1	00059030	          	33	0	2017/12/13  07:41:12
13504	1	00059030	          	33	0	2017/12/13  07:41:14
13505	1	00059021	          	33	0	2017/12/13  07:41:18
13506	1	00060003	          	33	0	2017/12/13  07:41:20
13507	1	00059029	          	33	0	2017/12/13  07:43:35
13508	1	00059029	          	33	0	2017/12/13  07:43:38
13509	1	00059026	          	33	0	2017/12/13  07:47:03
13510	1	00059017	          	33	0	2017/12/13  07:50:46
13511	1	00059017	          	33	0	2017/12/13  07:50:47
13512	1	00059017	          	33	0	2017/12/13  07:50:48
13513	1	00059017	          	33	0	2017/12/13  07:50:50
13514	1	00059017	          	33	0	2017/12/13  07:51:40
13515	1	00059017	          	33	0	2017/12/13  07:51:41
13516	1	00059024	          	33	0	2017/12/13  07:54:46
13517	1	00059024	          	33	0	2017/12/13  07:54:49
13518	1	00059009	          	33	0	2017/12/13  08:03:37
13519	1	00059024	          	33	0	2017/12/13  17:01:05
13520	1	00059024	          	33	0	2017/12/13  17:01:07
13521	1	00059029	          	33	0	2017/12/13  17:01:18
13522	1	00059009	          	33	0	2017/12/13  17:01:49
13523	1	00059018	          	33	0	2017/12/13  17:05:42
13524	1	00059018	          	33	0	2017/12/13  17:05:44
13525	1	00059014	          	33	0	2017/12/13  17:22:46
13526	1	00060001	          	33	0	2017/12/13  19:05:55
13527	1	00060001	          	33	0	2017/12/13  19:05:57
13528	1	00060002	          	33	0	2017/12/13  19:21:25
13529	1	00060002	          	33	0	2017/12/13  19:21:26
13530	1	00059030	          	33	0	2017/12/13  19:27:47
13531	1	00060003	          	33	0	2017/12/13  19:28:43
13532	1	00059021	          	33	0	2017/12/13  19:33:44
13533	1	00059021	          	33	0	2017/12/13  19:33:46
13534	1	00059028	          	33	0	2017/12/13  19:51:12
13535	1	00059026	          	33	0	2017/12/13  19:51:23
13536	1	00059020	          	33	0	2017/12/13  19:53:55
13537	1	00059017	          	33	0	2017/12/13  20:20:04
13538	1	00059017	          	33	0	2017/12/13  20:20:06
13539	1	00059017	          	33	0	2017/12/13  20:20:07
13540	1	00059017	          	33	0	2017/12/13  20:20:08
13541	1	00059029	          	33	0	2017/12/13  20:20:11
13542	1	00059029	          	33	0	2017/12/13  20:20:13
13543	1	00060003	          	33	0	2017/12/14  05:20:22
13544	1	00060001	          	33	0	2017/12/14  05:20:26
13545	1	00059021	          	33	0	2017/12/14  05:42:23
13546	1	00059021	          	33	0	2017/12/14  05:42:25
13547	1	00059018	          	33	0	2017/12/14  07:06:46
13548	1	00059018	          	33	0	2017/12/14  07:06:48
13549	1	00059018	          	33	0	2017/12/14  07:06:51
13550	1	00060002	          	33	0	2017/12/14  07:29:02
13551	1	00060002	          	33	0	2017/12/14  07:29:03
13552	1	00059020	          	33	0	2017/12/14  07:32:49
13553	1	00059028	          	33	0	2017/12/14  07:32:57
13554	1	00059017	          	33	0	2017/12/14  07:35:26
13555	1	00059017	          	33	0	2017/12/14  07:35:29
13556	1	00059017	          	33	0	2017/12/14  07:35:31
13557	1	00059017	          	33	0	2017/12/14  07:39:08
13558	1	00059017	          	33	0	2017/12/14  07:39:09
13559	1	00059017	          	33	0	2017/12/14  07:39:10
13560	1	00059030	          	33	0	2017/12/14  07:40:03
13561	1	00059030	          	33	0	2017/12/14  07:40:06
13562	1	00059024	          	33	0	2017/12/14  07:47:06
13563	1	00059024	          	33	0	2017/12/14  07:47:08
13564	1	00060002	          	33	0	2017/12/14  07:47:30
13565	1	00059026	          	33	0	2017/12/14  07:50:33
13566	1	00059029	          	33	0	2017/12/14  07:51:56
13567	1	00059029	          	33	0	2017/12/14  07:51:58
13568	1	00059009	          	33	0	2017/12/14  08:04:27
13569	1	00059020	          	33	0	2017/12/14  17:00:05
13570	1	00059024	          	33	0	2017/12/14  17:00:24
13571	1	00059024	          	33	0	2017/12/14  17:00:26
13572	1	00059009	          	33	0	2017/12/14  17:27:58
13573	1	00060003	          	33	0	2017/12/14  19:09:23
13574	1	00060001	          	33	0	2017/12/14  19:18:10
13575	1	00060002	          	33	0	2017/12/14  19:20:16
13576	1	00060002	          	33	0	2017/12/14  19:20:18
13577	1	00060001	          	33	0	2017/12/14  19:23:05
13578	1	00059030	          	33	0	2017/12/14  19:24:46
13579	1	00059030	          	33	0	2017/12/14  19:24:48
13580	1	00059021	          	33	0	2017/12/14  19:37:07
13581	1	00059028	          	33	0	2017/12/14  19:50:50
13582	1	00059026	          	33	0	2017/12/14  19:51:13
13583	1	00059017	          	33	0	2017/12/14  20:20:20
13584	1	00059017	          	33	0	2017/12/14  20:20:21
13585	1	00059017	          	33	0	2017/12/14  20:20:23
13586	1	00059017	          	33	0	2017/12/14  20:20:24
13587	1	00059017	          	33	0	2017/12/14  20:20:25
13588	1	00059017	          	33	0	2017/12/14  20:20:26
13589	1	00059017	          	33	0	2017/12/14  20:20:27
13590	1	00059017	          	33	0	2017/12/14  20:20:28
13591	1	00059017	          	33	0	2017/12/14  20:20:28
13592	1	00059017	          	33	0	2017/12/14  20:20:29
13593	1	00059017	          	33	0	2017/12/14  20:20:30
13594	1	00059017	          	33	0	2017/12/14  20:20:33
13595	1	00059017	          	33	0	2017/12/14  20:20:34
13596	1	00059029	          	33	0	2017/12/14  20:20:36
13597	1	00059029	          	33	0	2017/12/14  20:20:38
13598	1	00059018	          	33	0	2017/12/14  20:20:42
13599	1	00059018	          	33	0	2017/12/14  20:20:43
13600	1	00060003	          	33	0	2017/12/15  06:01:02
13601	1	00059014	          	33	0	2017/12/15  07:11:12
13602	1	00059020	          	33	0	2017/12/15  07:20:37
13603	1	00059020	          	33	0	2017/12/15  07:23:49
13604	1	00060002	          	33	0	2017/12/15  07:26:47
13605	1	00059028	          	33	0	2017/12/15  07:34:51
13606	1	00059018	          	33	0	2017/12/15  07:34:59
13607	1	00059018	          	33	0	2017/12/15  07:35:02
13608	1	00059018	          	33	0	2017/12/15  07:35:04
13609	1	00059018	          	33	0	2017/12/15  07:35:06
13610	1	00059017	          	33	0	2017/12/15  07:35:10
13611	1	00059017	          	33	0	2017/12/15  07:35:12
13612	1	00059017	          	33	0	2017/12/15  07:35:13
13613	1	00059017	          	33	0	2017/12/15  07:36:17
13614	1	00059021	          	33	0	2017/12/15  07:40:04
13615	1	00059021	          	33	0	2017/12/15  07:40:06
13616	1	00059030	          	33	0	2017/12/15  07:40:11
13617	1	00059030	          	33	0	2017/12/15  07:40:18
13618	1	00060001	          	33	0	2017/12/15  07:40:26
13619	1	00060001	          	33	0	2017/12/15  07:40:27
13620	1	00059017	          	33	0	2017/12/15  07:40:53
13621	1	00059024	          	33	0	2017/12/15  07:48:17
13622	1	00059024	          	33	0	2017/12/15  07:48:20
13623	1	00059029	          	33	0	2017/12/15  07:59:51
13624	1	00059029	          	33	0	2017/12/15  07:59:53
13625	1	00059009	          	33	0	2017/12/15  08:02:46
13626	1	00059014	          	33	0	2017/12/15  08:31:11
13627	1	00059014	          	33	0	2017/12/15  08:31:12
13628	1	00059014	          	33	0	2017/12/15  08:31:14
13629	1	00000002	          	33	0	2017/12/15  08:31:15
13630	1	00059020	          	33	0	2017/12/15  17:00:06
13631	1	00059029	          	33	0	2017/12/15  17:00:12
13632	1	00059029	          	33	0	2017/12/15  17:00:14
13633	1	00059028	          	33	0	2017/12/15  17:00:16
13634	1	00059024	          	33	0	2017/12/15  17:00:36
13635	1	00059024	          	33	0	2017/12/15  17:00:39
13636	1	00059014	          	33	0	2017/12/15  17:26:49
13637	1	00059009	          	33	0	2017/12/15  17:52:42
13638	1	00059018	          	33	0	2017/12/15  18:51:48
13639	1	00059018	          	33	0	2017/12/15  18:51:50
13640	1	00060002	          	33	0	2017/12/15  19:20:51
13641	1	00060002	          	33	0	2017/12/15  19:20:52
13642	1	00060001	          	33	0	2017/12/15  19:33:31
13643	1	00060001	          	33	0	2017/12/15  19:33:32
13644	1	00060001	          	33	0	2017/12/15  19:33:33
13645	1	00059030	          	33	0	2017/12/15  19:34:36
13646	1	00059030	          	33	0	2017/12/15  19:34:38
13647	1	00059021	          	33	0	2017/12/15  19:35:30
13648	1	00059021	          	33	0	2017/12/15  19:35:32
13649	1	00060003	          	33	0	2017/12/15  19:36:03
13650	1	00059017	          	33	0	2017/12/15  20:20:20
13651	1	00059017	          	33	0	2017/12/15  20:20:20
13652	1	00059017	          	33	0	2017/12/15  20:20:21
13653	1	00059017	          	33	0	2017/12/15  20:20:23
13654	1	00059017	          	33	0	2017/12/15  20:20:24
13655	1	00059024	          	33	0	2017/12/16  07:37:50
13656	1	00059024	          	33	0	2017/12/16  07:37:52
13657	1	00060002	          	33	0	2017/12/16  07:41:11
13658	1	00060002	          	33	0	2017/12/16  07:41:13
13659	1	00059017	          	33	0	2017/12/16  07:43:05
13660	1	00059017	          	33	0	2017/12/16  07:43:06
13661	1	00059017	          	33	0	2017/12/16  07:43:08
13662	1	00059017	          	33	0	2017/12/16  07:45:26
13663	1	00059017	          	33	0	2017/12/16  07:45:28
13664	1	00059018	          	33	0	2017/12/16  07:45:42
13665	1	00059018	          	33	0	2017/12/16  07:45:44
13666	1	00059018	          	33	0	2017/12/16  07:45:45
13667	1	00059018	          	33	0	2017/12/16  07:45:47
13668	1	00059018	          	33	0	2017/12/16  07:45:48
13669	1	00059029	          	33	0	2017/12/16  07:49:10
13670	1	00059029	          	33	0	2017/12/16  07:49:13
13671	1	00059014	          	33	0	2017/12/18  06:22:31
13672	1	00059030	          	33	0	2017/12/18  07:21:52
13673	1	00059030	          	33	0	2017/12/18  07:21:54
13674	1	00059021	          	33	0	2017/12/18  07:36:31
13675	1	00059021	          	33	0	2017/12/18  07:36:33
13676	1	00060003	          	33	0	2017/12/18  07:40:21
13677	1	00059028	          	33	0	2017/12/18  07:43:52
13678	1	00059026	          	33	0	2017/12/18  07:46:01
13679	1	00059024	          	33	0	2017/12/18  07:54:02
13680	1	00059024	          	33	0	2017/12/18  07:54:04
13681	1	00059028	          	33	0	2017/12/18  17:00:07
13682	1	00059024	          	33	0	2017/12/18  17:00:18
13683	1	00059024	          	33	0	2017/12/18  17:00:20
13684	1	00060003	          	33	0	2017/12/18  17:00:26
13685	1	00059014	          	33	0	2017/12/18  17:15:52
13686	1	00059009	          	33	0	2017/12/18  17:34:18
13687	1	00059020	          	33	0	2017/12/18  19:21:28
13688	1	00059021	          	33	0	2017/12/18  19:29:01
13689	1	00059018	          	33	0	2017/12/18  19:30:12
13690	1	00059018	          	33	0	2017/12/18  19:30:14
13691	1	00059018	          	33	0	2017/12/18  19:30:16
13692	1	00059026	          	33	0	2017/12/18  19:50:10
13693	1	00060002	          	33	0	2017/12/18  20:00:38
13694	1	00059017	          	33	0	2017/12/18  20:04:08
13695	1	00059017	          	33	0	2017/12/18  20:04:09
13696	1	00059017	          	33	0	2017/12/18  20:04:11
13697	1	00059017	          	33	0	2017/12/18  20:06:03
13698	1	00059017	          	33	0	2017/12/18  20:06:04
13699	1	00059017	          	33	0	2017/12/18  20:06:06
13700	1	00059030	          	33	0	2017/12/18  20:20:03
13701	1	00059030	          	33	0	2017/12/18  20:20:05
13702	1	00059020	          	33	0	2017/12/19  05:21:07
13703	1	00059014	          	33	0	2017/12/19  06:52:42
13704	1	00059030	          	33	0	2017/12/19  07:16:19
13705	1	00059030	          	33	0	2017/12/19  07:16:21
13706	1	00060001	          	33	0	2017/12/19  07:39:52
13707	1	00060001	          	33	0	2017/12/19  07:39:53
13708	1	00059017	          	33	0	2017/12/19  07:40:18
13709	1	00059017	          	33	0	2017/12/19  07:40:19
13710	1	00059017	          	33	0	2017/12/19  07:40:21
13711	1	00060002	          	33	0	2017/12/19  07:40:27
13712	1	00060002	          	33	0	2017/12/19  07:40:29
13713	1	00059018	          	33	0	2017/12/19  07:40:37
13714	1	00059018	          	33	0	2017/12/19  07:40:39
13715	1	00059028	          	33	0	2017/12/19  07:46:56
13716	1	00060003	          	33	0	2017/12/19  07:50:14
13717	1	00059024	          	33	0	2017/12/19  07:53:04
13718	1	00059024	          	33	0	2017/12/19  07:53:06
13719	1	00059021	          	33	0	2017/12/19  07:57:39
13720	1	00059021	          	33	0	2017/12/19  07:57:41
13721	1	00059029	          	33	0	2017/12/19  07:57:47
13722	1	00059029	          	33	0	2017/12/19  07:57:49
13723	1	00059029	          	33	0	2017/12/19  17:00:28
13724	1	00059029	          	33	0	2017/12/19  17:00:30
13725	1	00059028	          	33	0	2017/12/19  17:00:32
13726	1	00060001	          	33	0	2017/12/19  17:01:46
13727	1	00060001	          	33	0	2017/12/19  17:01:48
13728	1	00060003	          	33	0	2017/12/19  17:01:53
13729	1	00059014	          	33	0	2017/12/19  17:22:07
13730	1	00059009	          	33	0	2017/12/19  17:25:44
13731	1	00059020	          	33	0	2017/12/19  19:06:40
13732	1	00059020	          	33	0	2017/12/19  19:10:29
13733	1	00059024	          	33	0	2017/12/19  19:21:04
13734	1	00059024	          	33	0	2017/12/19  19:21:06
13735	1	00059018	          	33	0	2017/12/19  19:36:37
13736	1	00059018	          	33	0	2017/12/19  19:36:39
13737	1	00059018	          	33	0	2017/12/19  19:36:42
13738	1	00060002	          	33	0	2017/12/19  19:55:56
13739	1	00060002	          	33	0	2017/12/19  19:55:58
13740	1	00060002	          	33	0	2017/12/19  19:57:23
13741	1	00059017	          	33	0	2017/12/19  20:00:54
13742	1	00059017	          	33	0	2017/12/19  20:00:55
13743	1	00059017	          	33	0	2017/12/19  20:00:57
13744	1	00059017	          	33	0	2017/12/19  20:02:48
13745	1	00059021	          	33	0	2017/12/19  20:20:06
13746	1	00059030	          	33	0	2017/12/19  20:20:13
13747	1	00059030	          	33	0	2017/12/19  20:20:15
13748	1	00059017	          	33	0	2017/12/20  05:20:24
13749	1	00059017	          	33	0	2017/12/20  05:20:27
13750	1	00059017	          	33	0	2017/12/20  05:20:29
13751	1	00059014	          	33	0	2017/12/20  07:07:51
13752	1	00059030	          	33	0	2017/12/20  07:14:41
13753	1	00059030	          	33	0	2017/12/20  07:14:43
13754	1	00060001	          	33	0	2017/12/20  07:16:00
13755	1	00060001	          	33	0	2017/12/20  07:16:02
13756	1	00059028	          	33	0	2017/12/20  07:32:53
13757	1	00059020	          	33	0	2017/12/20  07:40:33
13758	1	00060002	          	33	0	2017/12/20  07:40:42
13759	1	00060002	          	33	0	2017/12/20  07:40:44
13760	1	00059018	          	33	0	2017/12/20  07:40:57
13761	1	00059018	          	33	0	2017/12/20  07:41:00
13762	1	00059026	          	33	0	2017/12/20  07:48:38
13763	1	00060003	          	33	0	2017/12/20  07:49:45
13764	1	00059024	          	33	0	2017/12/20  07:53:32
13765	1	00059024	          	33	0	2017/12/20  07:53:34
13766	1	00059029	          	33	0	2017/12/20  08:04:09
13767	1	00059029	          	33	0	2017/12/20  08:04:12
13768	1	00060001	          	33	0	2017/12/20  17:00:03
13769	1	00060001	          	33	0	2017/12/20  17:00:06
13770	1	00059029	          	33	0	2017/12/20  17:00:11
13771	1	00059029	          	33	0	2017/12/20  17:00:13
13772	1	00059024	          	33	0	2017/12/20  17:00:19
13773	1	00059024	          	33	0	2017/12/20  17:00:21
13774	1	00060003	          	33	0	2017/12/20  17:00:27
13775	1	00059014	          	33	0	2017/12/20  17:12:28
13776	1	00059009	          	33	0	2017/12/20  17:43:48
13777	1	00059030	          	33	0	2017/12/20  19:20:04
13778	1	00059030	          	33	0	2017/12/20  19:20:06
13779	1	00059020	          	33	0	2017/12/20  19:22:03
13780	1	00059018	          	33	0	2017/12/20  19:42:52
13781	1	00059018	          	33	0	2017/12/20  19:42:55
13782	1	00059026	          	33	0	2017/12/20  19:50:04
13783	1	00059028	          	33	0	2017/12/20  19:50:09
13784	1	00059020	          	33	0	2017/12/20  19:55:50
13785	1	00060002	          	33	0	2017/12/20  20:03:35
13786	1	00060002	          	33	0	2017/12/20  20:03:37
13787	1	00059017	          	33	0	2017/12/20  20:04:44
13788	1	00059017	          	33	0	2017/12/20  20:04:45
13789	1	00059017	          	33	0	2017/12/20  20:04:47
13790	1	00059017	          	33	0	2017/12/20  20:07:35
13791	1	00060002	          	33	0	2017/12/21  05:20:21
13792	1	00059030	          	33	0	2017/12/21  07:16:28
13793	1	00059030	          	33	0	2017/12/21  07:16:30
13794	1	00059014	          	33	0	2017/12/21  07:16:37
13795	1	00059021	          	33	0	2017/12/21  07:20:25
13796	1	00059021	          	33	0	2017/12/21  07:21:20
13797	1	00059018	          	33	0	2017/12/21  07:40:23
13798	1	00059018	          	33	0	2017/12/21  07:40:26
13799	1	00059017	          	33	0	2017/12/21  07:40:32
13800	1	00059017	          	33	0	2017/12/21  07:40:33
13801	1	00059017	          	33	0	2017/12/21  07:40:34
13802	1	00059020	          	33	0	2017/12/21  07:42:02
