No	Mchn	EnNo		Name		Mode	IOMd	DateTime	
43109	1	00056001	          	33	0	2017/11/20  06:02:01
43110	1	00058001	          	33	0	2017/11/20  06:42:09
43111	1	00057001	          	33	0	2017/11/20  07:04:58
43112	1	00060006	          	33	0	2017/11/20  07:28:41
43113	1	00056010	          	33	0	2017/11/20  07:29:36
43114	1	00056031	          	33	0	2017/11/20  07:36:51
43115	1	00060013	          	33	0	2017/11/20  07:37:04
43116	1	00060010	          	33	0	2017/11/20  07:38:13
43117	1	00056027	          	33	0	2017/11/20  07:39:01
43118	1	00059003	          	33	0	2017/11/20  07:43:01
43119	1	00059007	          	33	0	2017/11/20  07:45:30
43120	1	00059007	          	33	0	2017/11/20  07:45:32
43121	1	00056038	          	33	0	2017/11/20  07:45:37
43122	1	00056038	          	33	0	2017/11/20  07:45:38
43123	1	00056008	          	33	0	2017/11/20  07:48:43
43124	1	00060014	          	33	0	2017/11/20  07:52:09
43125	1	00060014	          	33	0	2017/11/20  07:52:10
43126	1	00060008	          	33	0	2017/11/20  07:52:22
43127	1	00058004	          	33	0	2017/11/20  07:52:45
43128	1	00060011	          	33	0	2017/11/20  07:53:21
43129	1	00059010	          	33	0	2017/11/20  07:53:57
43130	1	00056022	          	33	0	2017/11/20  07:56:05
43131	1	00056022	          	33	0	2017/11/20  07:56:06
43132	1	00060012	          	33	0	2017/11/20  07:56:34
43133	1	00060012	          	33	0	2017/11/20  07:59:40
43134	1	00060008	          	33	0	2017/11/20  17:05:47
43135	1	00060010	          	33	0	2017/11/20  17:05:59
43136	1	00059007	          	33	0	2017/11/20  17:06:04
43137	1	00059007	          	33	0	2017/11/20  17:06:05
43138	1	00056022	          	33	0	2017/11/20  17:06:11
43139	1	00056022	          	33	0	2017/11/20  17:06:12
43140	1	00060014	          	33	0	2017/11/20  17:07:08
43141	1	00056010	          	33	0	2017/11/20  17:09:28
43142	1	00060006	          	33	0	2017/11/20  17:09:48
43143	1	00060006	          	33	0	2017/11/20  17:09:49
43144	1	00059003	          	33	0	2017/11/20  17:13:12
43145	1	00058001	          	33	0	2017/11/20  17:14:41
43146	1	00058004	          	33	0	2017/11/20  17:20:48
43147	1	00056008	          	33	0	2017/11/20  17:21:20
43148	1	00059010	          	33	0	2017/11/20  17:23:54
43149	1	00056001	          	33	0	2017/11/20  18:13:57
43150	1	00060011	          	33	0	2017/11/20  18:21:30
43151	1	00056038	          	33	0	2017/11/20  18:33:03
43152	1	00057001	          	33	0	2017/11/20  18:38:19
43153	1	00056027	          	33	0	2017/11/20  19:27:52
43154	1	00060013	          	33	0	2017/11/20  19:30:05
43155	1	00060012	          	33	0	2017/11/20  19:30:09
43156	1	00056031	          	33	0	2017/11/20  19:31:40
43157	1	00056031	          	33	0	2017/11/20  19:31:41
43158	1	00058001	          	33	0	2017/11/21  07:13:21
43159	1	00056038	          	33	0	2017/11/21  07:15:55
43160	1	00056038	          	33	0	2017/11/21  07:15:56
43161	1	00057001	          	33	0	2017/11/21  07:16:13
43162	1	00056009	          	33	0	2017/11/21  07:18:05
43163	1	00056010	          	33	0	2017/11/21  07:18:53
43164	1	00056031	          	33	0	2017/11/21  07:22:15
43165	1	00060006	          	33	0	2017/11/21  07:31:31
43166	1	00056027	          	33	0	2017/11/21  07:32:49
43167	1	00060010	          	33	0	2017/11/21  07:34:45
43168	1	00056008	          	33	0	2017/11/21  07:41:38
43169	1	00059007	          	33	0	2017/11/21  07:43:08
43170	1	00059007	          	33	0	2017/11/21  07:43:09
43171	1	00059003	          	33	0	2017/11/21  07:43:16
43172	1	00056001	          	33	0	2017/11/21  07:43:40
43173	1	00060013	          	33	0	2017/11/21  07:44:44
43174	1	00060008	          	33	0	2017/11/21  07:52:24
43175	1	00060014	          	33	0	2017/11/21  07:54:51
43176	1	00060014	          	33	0	2017/11/21  07:54:52
43177	1	00060012	          	33	0	2017/11/21  07:54:59
43178	1	00058004	          	33	0	2017/11/21  07:55:07
43179	1	00056022	          	33	0	2017/11/21  07:55:43
43180	1	00056022	          	33	0	2017/11/21  07:55:44
43181	1	00056007	          	33	0	2017/11/21  07:57:45
43182	1	00060011	          	33	0	2017/11/21  08:07:36
43183	1	00059010	          	33	0	2017/11/21  08:07:41
43184	1	00060014	          	33	0	2017/11/21  16:59:12
43185	1	00059007	          	33	0	2017/11/21  17:00:12
43186	1	00059007	          	33	0	2017/11/21  17:00:13
43187	1	00056007	          	33	0	2017/11/21  17:00:15
43188	1	00056022	          	33	0	2017/11/21  17:00:20
43189	1	00056022	          	33	0	2017/11/21  17:00:21
43190	1	00056009	          	33	0	2017/11/21  17:00:27
43191	1	00058001	          	33	0	2017/11/21  17:00:33
43192	1	00056010	          	33	0	2017/11/21  17:00:50
43193	1	00059003	          	33	0	2017/11/21  17:01:34
43194	1	00060006	          	33	0	2017/11/21  17:01:51
43195	1	00058004	          	33	0	2017/11/21  17:02:02
43196	1	00060011	          	33	0	2017/11/21  17:02:20
43197	1	00060010	          	33	0	2017/11/21  17:02:37
43198	1	00059010	          	33	0	2017/11/21  17:03:44
43199	1	00060012	          	33	0	2017/11/21  17:05:21
43200	1	00056008	          	33	0	2017/11/21  17:05:26
43201	1	00060013	          	33	0	2017/11/21  17:08:56
43202	1	00060008	          	33	0	2017/11/21  17:12:19
43203	1	00056027	          	33	0	2017/11/21  17:17:16
43204	1	00057001	          	33	0	2017/11/21  17:47:49
43205	1	00056038	          	33	0	2017/11/21  17:48:04
43206	1	00056038	          	33	0	2017/11/21  17:48:05
43207	1	00056031	          	33	0	2017/11/21  17:48:23
43208	1	00056038	          	33	0	2017/11/21  17:48:33
43209	1	00056038	          	33	0	2017/11/21  17:48:34
43210	1	00056001	          	33	0	2017/11/21  20:22:30
43211	1	00058001	          	33	0	2017/11/22  07:08:31
43212	1	00056031	          	33	0	2017/11/22  07:08:43
43213	1	00060012	          	33	0	2017/11/22  07:14:22
43214	1	00057001	          	33	0	2017/11/22  07:20:45
43215	1	00060010	          	33	0	2017/11/22  07:25:52
43216	1	00060006	          	33	0	2017/11/22  07:28:12
43217	1	00056010	          	33	0	2017/11/22  07:34:58
43218	1	00056009	          	33	0	2017/11/22  07:35:10
43219	1	00056027	          	33	0	2017/11/22  07:37:07
43220	1	00056022	          	33	0	2017/11/22  07:40:27
43221	1	00056007	          	33	0	2017/11/22  07:41:12
43222	1	00056007	          	33	0	2017/11/22  07:41:40
43223	1	00060013	          	33	0	2017/11/22  07:43:35
43224	1	00059007	          	33	0	2017/11/22  07:43:56
43225	1	00059007	          	33	0	2017/11/22  07:43:58
43226	1	00056001	          	33	0	2017/11/22  07:47:04
43227	1	00056038	          	33	0	2017/11/22  07:48:59
43228	1	00056038	          	33	0	2017/11/22  07:49:00
43229	1	00060014	          	33	0	2017/11/22  07:53:42
43230	1	00058004	          	33	0	2017/11/22  07:55:15
43231	1	00058004	          	33	0	2017/11/22  07:56:38
43232	1	00056008	          	33	0	2017/11/22  08:01:30
43233	1	00056016	          	33	0	2017/11/22  08:03:24
43234	1	00060011	          	33	0	2017/11/22  08:05:03
43235	1	00059010	          	33	0	2017/11/22  08:05:07
43236	1	00060014	          	33	0	2017/11/22  16:59:15
43237	1	00056038	          	33	0	2017/11/22  17:00:21
43238	1	00056038	          	33	0	2017/11/22  17:00:22
43239	1	00056022	          	33	0	2017/11/22  17:00:27
43240	1	00056022	          	33	0	2017/11/22  17:00:29
43241	1	00056007	          	33	0	2017/11/22  17:00:33
43242	1	00059003	          	33	0	2017/11/22  17:00:37
43243	1	00060011	          	33	0	2017/11/22  17:00:41
43244	1	00060011	          	33	0	2017/11/22  17:00:42
43245	1	00058004	          	33	0	2017/11/22  17:01:09
43246	1	00060006	          	33	0	2017/11/22  17:01:42
43247	1	00059010	          	33	0	2017/11/22  17:01:49
43248	1	00056010	          	33	0	2017/11/22  17:01:57
43249	1	00056009	          	33	0	2017/11/22  17:02:06
43250	1	00060013	          	33	0	2017/11/22  17:02:09
43251	1	00056008	          	33	0	2017/11/22  17:02:12
43252	1	00059007	          	33	0	2017/11/22  17:02:25
43253	1	00059007	          	33	0	2017/11/22  17:02:26
43254	1	00056016	          	33	0	2017/11/22  17:03:37
43255	1	00058001	          	33	0	2017/11/22  17:03:51
43256	1	00060010	          	33	0	2017/11/22  17:03:55
43257	1	00056016	          	33	0	2017/11/22  17:08:56
43258	1	00060012	          	33	0	2017/11/22  17:16:27
43259	1	00056027	          	33	0	2017/11/22  17:17:09
43260	1	00057001	          	33	0	2017/11/22  17:23:20
43261	1	00056001	          	33	0	2017/11/22  18:24:12
43262	1	00056001	          	33	0	2017/11/22  18:24:17
43263	1	00056001	          	33	0	2017/11/23  07:02:15
43264	1	00058001	          	33	0	2017/11/23  07:02:31
43265	1	00056010	          	33	0	2017/11/23  07:23:07
43266	1	00056009	          	33	0	2017/11/23  07:23:24
43267	1	00059003	          	33	0	2017/11/23  07:27:23
43268	1	00056038	          	33	0	2017/11/23  07:28:34
43269	1	00060010	          	33	0	2017/11/23  07:28:57
43270	1	00057001	          	33	0	2017/11/23  07:32:12
43271	1	00056027	          	33	0	2017/11/23  07:33:48
43272	1	00057001	          	33	0	2017/11/23  07:36:19
43273	1	00060013	          	33	0	2017/11/23  07:38:24
43274	1	00060006	          	33	0	2017/11/23  07:42:26
43275	1	00059007	          	33	0	2017/11/23  07:42:48
43276	1	00059007	          	33	0	2017/11/23  07:42:50
43277	1	00059007	          	33	0	2017/11/23  07:42:51
43278	1	00056007	          	33	0	2017/11/23  07:43:45
43279	1	00058004	          	33	0	2017/11/23  07:44:54
43280	1	00060014	          	33	0	2017/11/23  07:51:31
43281	1	00056008	          	33	0	2017/11/23  07:52:07
43282	1	00060012	          	33	0	2017/11/23  07:53:09
43283	1	00056016	          	33	0	2017/11/23  07:54:50
43284	1	00059010	          	33	0	2017/11/23  07:57:55
43285	1	00060008	          	33	0	2017/11/23  08:01:37
43286	1	00056022	          	33	0	2017/11/23  17:00:46
43287	1	00056022	          	33	0	2017/11/23  17:00:48
43288	1	00060010	          	33	0	2017/11/23  17:00:55
43289	1	00056009	          	33	0	2017/11/23  17:01:15
43290	1	00056010	          	33	0	2017/11/23  17:01:52
43291	1	00060014	          	33	0	2017/11/23  17:02:20
43292	1	00056007	          	33	0	2017/11/23  17:02:31
43293	1	00056038	          	33	0	2017/11/23  17:02:55
43294	1	00056038	          	33	0	2017/11/23  17:02:57
43295	1	00060006	          	33	0	2017/11/23  17:03:04
43296	1	00059003	          	33	0	2017/11/23  17:03:22
43297	1	00058004	          	33	0	2017/11/23  17:03:43
43298	1	00058001	          	33	0	2017/11/23  17:04:12
43299	1	00058001	          	33	0	2017/11/23  17:04:15
43300	1	00060012	          	33	0	2017/11/23  17:04:29
43301	1	00059010	          	33	0	2017/11/23  17:05:51
43302	1	00056016	          	33	0	2017/11/23  17:05:53
43303	1	00056027	          	33	0	2017/11/23  17:07:28
43304	1	00060008	          	33	0	2017/11/23  17:08:17
43305	1	00059007	          	33	0	2017/11/23  17:09:05
43306	1	00059007	          	33	0	2017/11/23  17:09:06
43307	1	00056008	          	33	0	2017/11/23  17:11:15
43308	1	00056001	          	33	0	2017/11/23  17:12:19
43309	1	00060013	          	33	0	2017/11/23  17:12:38
43310	1	00057001	          	33	0	2017/11/23  17:50:52
43311	1	00058001	          	33	0	2017/11/24  07:07:33
43312	1	00057001	          	33	0	2017/11/24  07:15:24
43313	1	00056010	          	33	0	2017/11/24  07:17:39
43314	1	00056009	          	33	0	2017/11/24  07:17:45
43315	1	00056009	          	33	0	2017/11/24  07:17:46
43316	1	00056008	          	33	0	2017/11/24  07:19:59
43317	1	00056031	          	33	0	2017/11/24  07:25:58
43318	1	00060010	          	33	0	2017/11/24  07:28:44
43319	1	00060013	          	33	0	2017/11/24  07:33:49
43320	1	00057001	          	33	0	2017/11/24  07:34:44
43321	1	00056027	          	33	0	2017/11/24  07:38:23
43322	1	00060006	          	33	0	2017/11/24  07:41:33
43323	1	00056038	          	33	0	2017/11/24  07:45:46
43324	1	00060012	          	33	0	2017/11/24  07:45:58
43325	1	00059003	          	33	0	2017/11/24  07:48:13
43326	1	00060014	          	33	0	2017/11/24  07:52:59
43327	1	00056022	          	33	0	2017/11/24  07:55:24
43328	1	00060011	          	33	0	2017/11/24  07:56:09
43329	1	00059010	          	33	0	2017/11/24  07:56:18
43330	1	00058004	          	33	0	2017/11/24  07:56:36
43331	1	00056016	          	33	0	2017/11/24  07:56:58
43332	1	00060008	          	33	0	2017/11/24  08:05:53
43333	1	00060008	          	33	0	2017/11/24  08:07:35
43334	1	00060014	          	33	0	2017/11/24  16:59:43
43335	1	00056022	          	33	0	2017/11/24  17:00:14
43336	1	00056022	          	33	0	2017/11/24  17:00:15
43337	1	00058004	          	33	0	2017/11/24  17:00:45
43338	1	00056010	          	33	0	2017/11/24  17:01:05
43339	1	00060010	          	33	0	2017/11/24  17:01:22
43340	1	00056007	          	33	0	2017/11/24  17:01:30
43341	1	00056009	          	33	0	2017/11/24  17:01:38
43342	1	00056016	          	33	0	2017/11/24  17:02:03
43343	1	00059003	          	33	0	2017/11/24  17:02:08
43344	1	00059010	          	33	0	2017/11/24  17:02:36
43345	1	00056008	          	33	0	2017/11/24  17:02:47
43346	1	00058001	          	33	0	2017/11/24  17:03:16
43347	1	00056038	          	33	0	2017/11/24  17:03:55
43348	1	00060013	          	33	0	2017/11/24  17:04:11
43349	1	00060006	          	33	0	2017/11/24  17:04:16
43350	1	00060011	          	33	0	2017/11/24  17:04:31
43351	1	00058001	          	33	0	2017/11/24  17:04:38
43352	1	00060012	          	33	0	2017/11/24  17:04:54
43353	1	00060008	          	33	0	2017/11/24  17:07:40
43354	1	00057001	          	33	0	2017/11/24  17:12:32
43355	1	00056031	          	33	0	2017/11/24  17:23:07
43356	1	00056010	          	33	0	2017/11/25  07:20:08
43357	1	00056009	          	33	0	2017/11/25  07:20:16
43358	1	00058001	          	33	0	2017/11/25  07:20:31
43359	1	00056009	          	33	0	2017/11/25  07:21:18
43360	1	00057001	          	33	0	2017/11/25  07:23:29
43361	1	00056001	          	33	0	2017/11/25  07:24:40
43362	1	00056001	          	33	0	2017/11/25  07:24:41
43363	1	00056031	          	33	0	2017/11/25  07:29:32
43364	1	00060006	          	33	0	2017/11/25  07:31:06
43365	1	00060010	          	33	0	2017/11/25  07:32:16
43366	1	00059003	          	33	0	2017/11/25  07:33:15
43367	1	00056008	          	33	0	2017/11/25  07:34:05
43368	1	00056038	          	33	0	2017/11/25  07:34:57
43369	1	00056038	          	33	0	2017/11/25  07:34:58
43370	1	00059007	          	33	0	2017/11/25  07:42:12
43371	1	00059007	          	33	0	2017/11/25  07:42:13
43372	1	00056027	          	33	0	2017/11/25  07:42:18
43373	1	00056022	          	33	0	2017/11/25  07:48:11
43374	1	00056007	          	33	0	2017/11/25  07:49:48
43375	1	00060013	          	33	0	2017/11/25  07:50:27
43376	1	00060012	          	33	0	2017/11/25  07:50:44
43377	1	00060011	          	33	0	2017/11/25  07:56:15
43378	1	00059010	          	33	0	2017/11/25  07:56:20
43379	1	00060012	          	33	0	2017/11/25  07:58:37
43380	1	00056016	          	33	0	2017/11/25  08:01:47
43381	1	00060008	          	33	0	2017/11/25  08:02:12
43382	1	00056010	          	33	0	2017/11/25  17:00:40
43383	1	00060010	          	33	0	2017/11/25  17:00:45
43384	1	00059007	          	33	0	2017/11/25  17:01:02
43385	1	00060013	          	33	0	2017/11/25  17:01:11
43386	1	00056027	          	33	0	2017/11/25  17:01:15
43387	1	00060008	          	33	0	2017/11/25  17:01:24
43388	1	00056022	          	33	0	2017/11/25  17:01:33
43389	1	00056022	          	33	0	2017/11/25  17:01:34
43390	1	00060006	          	33	0	2017/11/25  17:01:38
43391	1	00058001	          	33	0	2017/11/25  17:01:42
43392	1	00056016	          	33	0	2017/11/25  17:01:48
43393	1	00059003	          	33	0	2017/11/25  17:01:50
43394	1	00056009	          	33	0	2017/11/25  17:02:06
43395	1	00059010	          	33	0	2017/11/25  17:02:25
43396	1	00060011	          	33	0	2017/11/25  17:04:24
43397	1	00056016	          	33	0	2017/11/25  17:05:02
43398	1	00056038	          	33	0	2017/11/25  17:06:09
43399	1	00056008	          	33	0	2017/11/25  17:06:40
43400	1	00056001	          	33	0	2017/11/25  17:08:13
43401	1	00060012	          	33	0	2017/11/25  17:08:33
43402	1	00056031	          	33	0	2017/11/25  17:08:37
43403	1	00056001	          	33	0	2017/11/27  06:51:04
43404	1	00058001	          	33	0	2017/11/27  06:51:37
43405	1	00057001	          	33	0	2017/11/27  07:16:16
43406	1	00056010	          	33	0	2017/11/27  07:28:17
43407	1	00056009	          	33	0	2017/11/27  07:29:20
43408	1	00056009	          	33	0	2017/11/27  07:29:29
43409	1	00060010	          	33	0	2017/11/27  07:30:02
43410	1	00059003	          	33	0	2017/11/27  07:31:03
43411	1	00056031	          	33	0	2017/11/27  07:38:44
43412	1	00060013	          	33	0	2017/11/27  07:39:30
43413	1	00060006	          	33	0	2017/11/27  07:40:06
43414	1	00056038	          	33	0	2017/11/27  07:43:00
43415	1	00059007	          	33	0	2017/11/27  07:45:47
43416	1	00059007	          	33	0	2017/11/27  07:45:48
43417	1	00059007	          	33	0	2017/11/27  07:45:49
43418	1	00056027	          	33	0	2017/11/27  07:51:39
43419	1	00058004	          	33	0	2017/11/27  07:52:11
43420	1	00056022	          	33	0	2017/11/27  07:53:21
43421	1	00060012	          	33	0	2017/11/27  07:53:24
43422	1	00060014	          	33	0	2017/11/27  07:54:11
43423	1	00056008	          	33	0	2017/11/27  07:55:08
43424	1	00056007	          	33	0	2017/11/27  07:55:44
43425	1	00060008	          	33	0	2017/11/27  08:02:03
43426	1	00056016	          	33	0	2017/11/27  08:02:10
43427	1	00060011	          	33	0	2017/11/27  08:07:24
43428	1	00060011	          	33	0	2017/11/27  08:07:25
43429	1	00059010	          	33	0	2017/11/27  08:07:31
43430	1	00056022	          	33	0	2017/11/27  17:00:01
43431	1	00056022	          	33	0	2017/11/27  17:00:02
43432	1	00060006	          	33	0	2017/11/27  17:00:06
43433	1	00056010	          	33	0	2017/11/27  17:00:11
43434	1	00056007	          	33	0	2017/11/27  17:00:19
43435	1	00056009	          	33	0	2017/11/27  17:00:24
43436	1	00059007	          	33	0	2017/11/27  17:00:34
43437	1	00059007	          	33	0	2017/11/27  17:00:35
43438	1	00060010	          	33	0	2017/11/27  17:00:51
43439	1	00060008	          	33	0	2017/11/27  17:02:04
43440	1	00056008	          	33	0	2017/11/27  17:02:51
43441	1	00059003	          	33	0	2017/11/27  17:03:10
43442	1	00060014	          	33	0	2017/11/27  17:03:28
43443	1	00058001	          	33	0	2017/11/27  17:04:04
43444	1	00056027	          	33	0	2017/11/27  17:05:03
43445	1	00058004	          	33	0	2017/11/27  17:05:09
43446	1	00056016	          	33	0	2017/11/27  17:08:13
43447	1	00056038	          	33	0	2017/11/27  17:09:06
43448	1	00056038	          	33	0	2017/11/27  17:09:07
43449	1	00060011	          	33	0	2017/11/27  17:12:37
43450	1	00059010	          	33	0	2017/11/27  17:12:55
43451	1	00056001	          	33	0	2017/11/27  17:30:42
43452	1	00057001	          	33	0	2017/11/27  17:53:33
43453	1	00060012	          	33	0	2017/11/27  18:06:26
43454	1	00060013	          	33	0	2017/11/27  18:06:35
43455	1	00056031	          	33	0	2017/11/27  18:08:00
43456	1	00056001	          	33	0	2017/11/28  06:17:23
43457	1	00058001	          	33	0	2017/11/28  06:31:13
43458	1	00057001	          	33	0	2017/11/28  07:20:20
43459	1	00056010	          	33	0	2017/11/28  07:26:30
43460	1	00056031	          	33	0	2017/11/28  07:26:34
43461	1	00056009	          	33	0	2017/11/28  07:26:59
43462	1	00060010	          	33	0	2017/11/28  07:28:00
43463	1	00059003	          	33	0	2017/11/28  07:31:42
43464	1	00060013	          	33	0	2017/11/28  07:38:05
43465	1	00059007	          	33	0	2017/11/28  07:42:45
43466	1	00059007	          	33	0	2017/11/28  07:42:46
43467	1	00056016	          	33	0	2017/11/28  07:45:34
43468	1	00056027	          	33	0	2017/11/28  07:48:22
43469	1	00056022	          	33	0	2017/11/28  07:49:59
43470	1	00056022	          	33	0	2017/11/28  07:50:02
43471	1	00058004	          	33	0	2017/11/28  07:53:05
43472	1	00056038	          	33	0	2017/11/28  07:53:12
43473	1	00056038	          	33	0	2017/11/28  07:53:14
43474	1	00060012	          	33	0	2017/11/28  07:53:23
43475	1	00060014	          	33	0	2017/11/28  07:53:28
43476	1	00060011	          	33	0	2017/11/28  07:54:47
43477	1	00059010	          	33	0	2017/11/28  07:54:52
43478	1	00056007	          	33	0	2017/11/28  07:54:57
43479	1	00060008	          	33	0	2017/11/28  07:56:38
43480	1	00060010	          	33	0	2017/11/28  17:00:07
43481	1	00056010	          	33	0	2017/11/28  17:02:35
43482	1	00058001	          	33	0	2017/11/28  17:03:36
43483	1	00060008	          	33	0	2017/11/28  17:04:09
43484	1	00060014	          	33	0	2017/11/28  17:05:07
43485	1	00060014	          	33	0	2017/11/28  17:05:07
43486	1	00059003	          	33	0	2017/11/28  17:05:14
43487	1	00056027	          	33	0	2017/11/28  17:05:27
43488	1	00059010	          	33	0	2017/11/28  17:05:32
43489	1	00059007	          	33	0	2017/11/28  17:06:26
43490	1	00059007	          	33	0	2017/11/28  17:06:27
43491	1	00056009	          	33	0	2017/11/28  17:07:40
43492	1	00056022	          	33	0	2017/11/28  17:08:02
43493	1	00056016	          	33	0	2017/11/28  17:08:53
43494	1	00060013	          	33	0	2017/11/28  17:11:39
43495	1	00056038	          	33	0	2017/11/28  17:13:04
43496	1	00060011	          	33	0	2017/11/28  17:17:04
43497	1	00056031	          	33	0	2017/11/28  17:23:28
43498	1	00057001	          	33	0	2017/11/28  18:12:09
43499	1	00056001	          	33	0	2017/11/28  19:34:41
43500	1	00058001	          	33	0	2017/11/29  07:09:16
43501	1	00057001	          	33	0	2017/11/29  07:12:43
43502	1	00056001	          	33	0	2017/11/29  07:20:48
43503	1	00059007	          	33	0	2017/11/29  07:25:08
43504	1	00059007	          	33	0	2017/11/29  07:25:09
43505	1	00056010	          	33	0	2017/11/29  07:26:06
43506	1	00056009	          	33	0	2017/11/29  07:26:14
43507	1	00056009	          	33	0	2017/11/29  07:26:25
43508	1	00056009	          	33	0	2017/11/29  07:26:26
43509	1	00060010	          	33	0	2017/11/29  07:27:50
43510	1	00059003	          	33	0	2017/11/29  07:29:30
43511	1	00056031	          	33	0	2017/11/29  07:31:27
43512	1	00060013	          	33	0	2017/11/29  07:34:18
43513	1	00060006	          	33	0	2017/11/29  07:35:18
43514	1	00060008	          	33	0	2017/11/29  07:35:45
43515	1	00056008	          	33	0	2017/11/29  07:35:50
43516	1	00056038	          	33	0	2017/11/29  07:43:40
43517	1	00060012	          	33	0	2017/11/29  07:43:55
43518	1	00058004	          	33	0	2017/11/29  07:49:56
43519	1	00056027	          	33	0	2017/11/29  07:51:33
43520	1	00056022	          	33	0	2017/11/29  07:51:53
43521	1	00056022	          	33	0	2017/11/29  07:51:57
43522	1	00056007	          	33	0	2017/11/29  07:53:34
43523	1	00060011	          	33	0	2017/11/29  07:54:11
43524	1	00060014	          	33	0	2017/11/29  07:54:29
43525	1	00059010	          	33	0	2017/11/29  07:54:33
43526	1	00056016	          	33	0	2017/11/29  07:54:51
43527	1	00056008	          	33	0	2017/11/29  17:00:02
43528	1	00060014	          	33	0	2017/11/29  17:00:25
43529	1	00059003	          	33	0	2017/11/29  17:00:33
43530	1	00056027	          	33	0	2017/11/29  17:00:50
43531	1	00056007	          	33	0	2017/11/29  17:00:57
43532	1	00056009	          	33	0	2017/11/29  17:01:27
43533	1	00060006	          	33	0	2017/11/29  17:01:30
43534	1	00059007	          	33	0	2017/11/29  17:01:36
43535	1	00059007	          	33	0	2017/11/29  17:01:37
43536	1	00056022	          	33	0	2017/11/29  17:01:44
43537	1	00058001	          	33	0	2017/11/29  17:01:49
43538	1	00058004	          	33	0	2017/11/29  17:02:10
43539	1	00056016	          	33	0	2017/11/29  17:02:39
43540	1	00056010	          	33	0	2017/11/29  17:03:09
43541	1	00060010	          	33	0	2017/11/29  17:04:33
43542	1	00059010	          	33	0	2017/11/29  17:06:02
43543	1	00060011	          	33	0	2017/11/29  17:09:08
43544	1	00060008	          	33	0	2017/11/29  17:13:59
43545	1	00057001	          	33	0	2017/11/29  18:18:28
43546	1	00056038	          	33	0	2017/11/29  18:19:07
43547	1	00056038	          	33	0	2017/11/29  18:19:08
43548	1	00060013	          	33	0	2017/11/29  19:01:27
43549	1	00056031	          	33	0	2017/11/29  19:02:44
43550	1	00060012	          	33	0	2017/11/29  19:04:29
43551	1	00058001	          	33	0	2017/11/30  06:59:46
43552	1	00056031	          	33	0	2017/11/30  07:08:12
43553	1	00060006	          	33	0	2017/11/30  07:26:12
43554	1	00056010	          	33	0	2017/11/30  07:26:53
43555	1	00056009	          	33	0	2017/11/30  07:27:17
43556	1	00057001	          	33	0	2017/11/30  07:27:36
43557	1	00057001	          	33	0	2017/11/30  07:30:58
43558	1	00059003	          	33	0	2017/11/30  07:31:04
43559	1	00060013	          	33	0	2017/11/30  07:35:05
43560	1	00059007	          	33	0	2017/11/30  07:36:34
43561	1	00059007	          	33	0	2017/11/30  07:36:35
43562	1	00060010	          	33	0	2017/11/30  07:42:51
43563	1	00056008	          	33	0	2017/11/30  07:46:32
43564	1	00060014	          	33	0	2017/11/30  07:48:33
43565	1	00056001	          	33	0	2017/11/30  07:49:19
43566	1	00056007	          	33	0	2017/11/30  07:49:33
43567	1	00056022	          	33	0	2017/11/30  07:49:38
43568	1	00056022	          	33	0	2017/11/30  07:49:39
43569	1	00056027	          	33	0	2017/11/30  07:52:48
43570	1	00060008	          	33	0	2017/11/30  07:54:02
43571	1	00058004	          	33	0	2017/11/30  07:54:24
43572	1	00056016	          	33	0	2017/11/30  07:55:25
43573	1	00060012	          	33	0	2017/11/30  07:55:40
43574	1	00060011	          	33	0	2017/11/30  07:58:23
43575	1	00059010	          	33	0	2017/11/30  07:58:32
43576	1	00056022	          	33	0	2017/11/30  17:00:33
43577	1	00056009	          	33	0	2017/11/30  17:00:46
43578	1	00056010	          	33	0	2017/11/30  17:01:04
43579	1	00059007	          	33	0	2017/11/30  17:01:08
43580	1	00058001	          	33	0	2017/11/30  17:02:12
43581	1	00060006	          	33	0	2017/11/30  17:02:19
43582	1	00060008	          	33	0	2017/11/30  17:04:06
43583	1	00056027	          	33	0	2017/11/30  17:04:42
43584	1	00060012	          	33	0	2017/11/30  17:06:23
43585	1	00059003	          	33	0	2017/11/30  17:06:40
43586	1	00058001	          	33	0	2017/11/30  17:08:13
43587	1	00060011	          	33	0	2017/11/30  17:08:22
43588	1	00060006	          	33	0	2017/11/30  17:08:27
43589	1	00060010	          	33	0	2017/11/30  17:08:40
43590	1	00059010	          	33	0	2017/11/30  17:08:44
43591	1	00060013	          	33	0	2017/11/30  17:09:02
43592	1	00056016	          	33	0	2017/11/30  17:11:55
43593	1	00056008	          	33	0	2017/11/30  17:12:09
43594	1	00056008	          	33	0	2017/11/30  17:14:21
43595	1	00058004	          	33	0	2017/11/30  17:23:35
43596	1	00056031	          	33	0	2017/11/30  17:39:41
43597	1	00056001	          	33	0	2017/11/30  17:45:16
43598	1	00057001	          	33	0	2017/11/30  18:07:13
43599	1	00058001	          	33	0	2017/12/01  07:06:39
43600	1	00056031	          	33	0	2017/12/01  07:17:36
43601	1	00057001	          	33	0	2017/12/01  07:28:33
43602	1	00060010	          	33	0	2017/12/01  07:32:48
43603	1	00056010	          	33	0	2017/12/01  07:32:59
43604	1	00059007	          	33	0	2017/12/01  07:33:05
43605	1	00059007	          	33	0	2017/12/01  07:33:06
43606	1	00056009	          	33	0	2017/12/01  07:33:11
43607	1	00056009	          	33	0	2017/12/01  07:33:50
43608	1	00060013	          	33	0	2017/12/01  07:33:54
43609	1	00059007	          	33	0	2017/12/01  07:34:02
43610	1	00059007	          	33	0	2017/12/01  07:34:03
43611	1	00059003	          	33	0	2017/12/01  07:35:02
43612	1	00056038	          	33	0	2017/12/01  07:39:42
43613	1	00056038	          	33	0	2017/12/01  07:39:43
43614	1	00056027	          	33	0	2017/12/01  07:43:34
43615	1	00056022	          	33	0	2017/12/01  07:51:48
43616	1	00056016	          	33	0	2017/12/01  07:55:27
43617	1	00058004	          	33	0	2017/12/01  07:56:02
43618	1	00060011	          	33	0	2017/12/01  07:59:06
43619	1	00059010	          	33	0	2017/12/01  07:59:10
43620	1	00056001	          	33	0	2017/12/01  08:15:34
43621	1	00059003	          	33	0	2017/12/01  17:01:02
43622	1	00058001	          	33	0	2017/12/01  17:01:32
43623	1	00056022	          	33	0	2017/12/01  17:01:48
43624	1	00060010	          	33	0	2017/12/01  17:02:01
43625	1	00056007	          	33	0	2017/12/01  17:02:13
43626	1	00056010	          	33	0	2017/12/01  17:02:59
43627	1	00060012	          	33	0	2017/12/01  17:03:26
43628	1	00060013	          	33	0	2017/12/01  17:03:57
43629	1	00060011	          	33	0	2017/12/01  17:04:26
43630	1	00056016	          	33	0	2017/12/01  17:04:51
43631	1	00058004	          	33	0	2017/12/01  17:05:36
43632	1	00056009	          	33	0	2017/12/01  17:07:02
43633	1	00059007	          	33	0	2017/12/01  17:07:53
43634	1	00059010	          	33	0	2017/12/01  17:08:09
43635	1	00056027	          	33	0	2017/12/01  17:13:36
43636	1	00056038	          	33	0	2017/12/01  17:20:07
43637	1	00057001	          	33	0	2017/12/01  18:10:09
43638	1	00056001	          	33	0	2017/12/01  18:15:40
43639	1	00058001	          	33	0	2017/12/02  06:56:00
43640	1	00060010	          	33	0	2017/12/02  07:18:02
43641	1	00056031	          	33	0	2017/12/02  07:22:25
43642	1	00056010	          	33	0	2017/12/02  07:26:27
43643	1	00056009	          	33	0	2017/12/02  07:26:44
43644	1	00056038	          	33	0	2017/12/02  07:27:19
43645	1	00060006	          	33	0	2017/12/02  07:28:09
43646	1	00056001	          	33	0	2017/12/02  07:30:02
43647	1	00059003	          	33	0	2017/12/02  07:34:53
43648	1	00060013	          	33	0	2017/12/02  07:37:45
43649	1	00059007	          	33	0	2017/12/02  07:46:08
43650	1	00059007	          	33	0	2017/12/02  07:46:09
43651	1	00059007	          	33	0	2017/12/02  07:46:10
43652	1	00056027	          	33	0	2017/12/02  07:49:04
43653	1	00056008	          	33	0	2017/12/02  07:49:42
43654	1	00056016	          	33	0	2017/12/02  07:50:22
43655	1	00060011	          	33	0	2017/12/02  07:53:40
43656	1	00059010	          	33	0	2017/12/02  07:53:44
43657	1	00060012	          	33	0	2017/12/02  07:55:33
43658	1	00056007	          	33	0	2017/12/02  07:56:14
43659	1	00056007	          	33	0	2017/12/02  07:58:21
43660	1	00056022	          	33	0	2017/12/02  08:11:00
43661	1	00056022	          	33	0	2017/12/02  08:11:02
43662	1	00058004	          	33	0	2017/12/02  08:19:51
43663	1	00056007	          	33	0	2017/12/02  16:00:02
43664	1	00056022	          	33	0	2017/12/02  16:00:09
43665	1	00058004	          	33	0	2017/12/02  16:31:22
43666	1	00060010	          	33	0	2017/12/02  16:34:58
43667	1	00059003	          	33	0	2017/12/02  16:36:39
43668	1	00056038	          	33	0	2017/12/02  16:40:06
43669	1	00059010	          	33	0	2017/12/02  16:41:18
43670	1	00060011	          	33	0	2017/12/02  16:41:52
43671	1	00056027	          	33	0	2017/12/02  16:42:48
43672	1	00056016	          	33	0	2017/12/02  16:45:00
43673	1	00056008	          	33	0	2017/12/02  16:45:42
43674	1	00056009	          	33	0	2017/12/02  16:47:07
43675	1	00056009	          	33	0	2017/12/02  16:47:08
43676	1	00058001	          	33	0	2017/12/02  16:47:34
43677	1	00056010	          	33	0	2017/12/02  16:49:29
43678	1	00059007	          	33	0	2017/12/02  16:49:40
43679	1	00059007	          	33	0	2017/12/02  16:49:42
43680	1	00060006	          	33	0	2017/12/02  16:50:33
43681	1	00057001	          	33	0	2017/12/02  16:56:03
43682	1	00060013	          	33	0	2017/12/02  17:00:54
43683	1	00056031	          	33	0	2017/12/02  17:02:22
43684	1	00060012	          	33	0	2017/12/02  17:04:56
43685	1	00058001	          	33	0	2017/12/04  06:53:58
43686	1	00058001	          	33	0	2017/12/04  06:55:00
43687	1	00057001	          	33	0	2017/12/04  07:06:29
43688	1	00056010	          	33	0	2017/12/04  07:16:01
43689	1	00056031	          	33	0	2017/12/04  07:16:35
43690	1	00060010	          	33	0	2017/12/04  07:22:16
43691	1	00060013	          	33	0	2017/12/04  07:32:22
43692	1	00059003	          	33	0	2017/12/04  07:35:24
43693	1	00060006	          	33	0	2017/12/04  07:40:01
43694	1	00056001	          	33	0	2017/12/04  07:43:11
43695	1	00060012	          	33	0	2017/12/04  07:49:20
43696	1	00056038	          	33	0	2017/12/04  07:50:23
43697	1	00056038	          	33	0	2017/12/04  07:50:24
43698	1	00056008	          	33	0	2017/12/04  07:52:12
43699	1	00056027	          	33	0	2017/12/04  07:53:56
43700	1	00056022	          	33	0	2017/12/04  07:55:20
43701	1	00056008	          	33	0	2017/12/04  07:56:28
43702	1	00056007	          	33	0	2017/12/04  07:56:34
43703	1	00059010	          	33	0	2017/12/04  07:59:44
43704	1	00060011	          	33	0	2017/12/04  07:59:48
43705	1	00058004	          	33	0	2017/12/04  08:01:07
43706	1	00060015	          	33	0	2017/12/04  08:17:26
43707	1	00060015	          	33	0	2017/12/04  08:17:30
43708	1	00056001	          	33	0	2017/12/04  16:57:26
43709	1	00060013	          	33	0	2017/12/04  17:00:37
43710	1	00058004	          	33	0	2017/12/04  17:00:47
43711	1	00056038	          	33	0	2017/12/04  17:00:50
43712	1	00056007	          	33	0	2017/12/04  17:00:58
43713	1	00060006	          	33	0	2017/12/04  17:01:02
43714	1	00056022	          	33	0	2017/12/04  17:01:36
43715	1	00056010	          	33	0	2017/12/04  17:01:44
43716	1	00058001	          	33	0	2017/12/04  17:01:55
43717	1	00060011	          	33	0	2017/12/04  17:03:02
43718	1	00059003	          	33	0	2017/12/04  17:05:26
43719	1	00056027	          	33	0	2017/12/04  17:05:31
43720	1	00060015	          	33	0	2017/12/04  17:06:15
43721	1	00056031	          	33	0	2017/12/04  17:07:07
43722	1	00056031	          	33	0	2017/12/04  17:07:12
43723	1	00060010	          	33	0	2017/12/04  17:08:07
43724	1	00060012	          	33	0	2017/12/04  17:08:20
43725	1	00059010	          	33	0	2017/12/04  17:08:23
43726	1	00056008	          	33	0	2017/12/04  17:10:59
43727	1	00056031	          	33	0	2017/12/06  05:15:38
43728	1	00056001	          	33	0	2017/12/06  05:44:52
43729	1	00058001	          	33	0	2017/12/06  06:42:56
43730	1	00060013	          	33	0	2017/12/06  06:43:41
43731	1	00057001	          	33	0	2017/12/06  07:19:40
43732	1	00056010	          	33	0	2017/12/06  07:25:12
43733	1	00060010	          	33	0	2017/12/06  07:25:21
43734	1	00060006	          	33	0	2017/12/06  07:25:33
43735	1	00059003	          	33	0	2017/12/06  07:28:28
43736	1	00059007	          	33	0	2017/12/06  07:41:23
43737	1	00059007	          	33	0	2017/12/06  07:41:24
43738	1	00056008	          	33	0	2017/12/06  07:46:25
43739	1	00060015	          	33	0	2017/12/06  07:47:02
43740	1	00056038	          	33	0	2017/12/06  07:48:40
43741	1	00056022	          	33	0	2017/12/06  07:49:30
43742	1	00056027	          	33	0	2017/12/06  07:49:49
43743	1	00060012	          	33	0	2017/12/06  07:53:29
43744	1	00056016	          	33	0	2017/12/06  07:55:49
43745	1	00060011	          	33	0	2017/12/06  07:59:03
43746	1	00059010	          	33	0	2017/12/06  07:59:26
43747	1	00058004	          	33	0	2017/12/06  08:20:56
43748	1	00056027	          	33	0	2017/12/06  13:22:05
43749	1	00059003	          	33	0	2017/12/06  17:02:28
43750	1	00056038	          	33	0	2017/12/06  17:02:59
43751	1	00056022	          	33	0	2017/12/06  17:03:33
43752	1	00060006	          	33	0	2017/12/06  17:03:47
43753	1	00056010	          	33	0	2017/12/06  17:04:00
43754	1	00058001	          	33	0	2017/12/06  17:04:04
43755	1	00060010	          	33	0	2017/12/06  17:04:11
43756	1	00056007	          	33	0	2017/12/06  17:05:18
43757	1	00059007	          	33	0	2017/12/06  17:05:26
43758	1	00059007	          	33	0	2017/12/06  17:05:28
43759	1	00058004	          	33	0	2017/12/06  17:09:11
43760	1	00060015	          	33	0	2017/12/06  17:12:53
43761	1	00056008	          	33	0	2017/12/06  17:20:01
43762	1	00060011	          	33	0	2017/12/06  18:00:15
43763	1	00059010	          	33	0	2017/12/06  18:00:19
43764	1	00056016	          	33	0	2017/12/06  19:01:37
43765	1	00057001	          	33	0	2017/12/06  19:19:55
43766	1	00060013	          	33	0	2017/12/06  19:30:46
43767	1	00056031	          	33	0	2017/12/06  19:31:51
43768	1	00060012	          	33	0	2017/12/06  19:32:25
43769	1	00058001	          	33	0	2017/12/07  07:05:37
43770	1	00060010	          	33	0	2017/12/07  07:13:55
43771	1	00056010	          	33	0	2017/12/07  07:20:05
43772	1	00056031	          	33	0	2017/12/07  07:20:24
43773	1	00059007	          	33	0	2017/12/07  07:32:50
43774	1	00059007	          	33	0	2017/12/07  07:32:52
43775	1	00060006	          	33	0	2017/12/07  07:33:22
43776	1	00059003	          	33	0	2017/12/07  07:38:32
43777	1	00057001	          	33	0	2017/12/07  07:38:40
43778	1	00060013	          	33	0	2017/12/07  07:38:44
43779	1	00060015	          	33	0	2017/12/07  07:42:02
43780	1	00056008	          	33	0	2017/12/07  07:46:42
43781	1	00056022	          	33	0	2017/12/07  07:46:46
43782	1	00056007	          	33	0	2017/12/07  07:47:57
43783	1	00060012	          	33	0	2017/12/07  07:48:14
43784	1	00056038	          	33	0	2017/12/07  07:49:35
43785	1	00056038	          	33	0	2017/12/07  07:49:37
43786	1	00056038	          	33	0	2017/12/07  07:50:12
43787	1	00056038	          	33	0	2017/12/07  07:50:13
43788	1	00059010	          	33	0	2017/12/07  07:53:52
43789	1	00056016	          	33	0	2017/12/07  07:54:34
43790	1	00060011	          	33	0	2017/12/07  08:01:27
43791	1	00060010	          	33	0	2017/12/07  17:02:08
43792	1	00060011	          	33	0	2017/12/07  17:02:58
43793	1	00056022	          	33	0	2017/12/07  17:03:04
43794	1	00060006	          	33	0	2017/12/07  17:03:49
43795	1	00059003	          	33	0	2017/12/07  17:04:34
43796	1	00059007	          	33	0	2017/12/07  17:05:20
43797	1	00059007	          	33	0	2017/12/07  17:05:21
43798	1	00056010	          	33	0	2017/12/07  17:05:25
43799	1	00056007	          	33	0	2017/12/07  17:06:00
43800	1	00058001	          	33	0	2017/12/07  17:07:38
43801	1	00056038	          	33	0	2017/12/07  17:08:38
43802	1	00056016	          	33	0	2017/12/07  17:12:34
43803	1	00059010	          	33	0	2017/12/07  17:28:56
43804	1	00056008	          	33	0	2017/12/07  17:33:00
43805	1	00060013	          	33	0	2017/12/07  18:01:35
43806	1	00060012	          	33	0	2017/12/07  18:03:32
43807	1	00056031	          	33	0	2017/12/07  18:09:18
43808	1	00057001	          	33	0	2017/12/07  18:59:12
43809	1	00056001	          	33	0	2017/12/07  20:11:29
43810	1	00056001	          	33	0	2017/12/07  20:11:31
43811	1	00056001	          	33	0	2017/12/08  07:01:08
43812	1	00058001	          	33	0	2017/12/08  07:02:24
43813	1	00056031	          	33	0	2017/12/08  07:16:21
43814	1	00056008	          	33	0	2017/12/08  07:18:06
43815	1	00060012	          	33	0	2017/12/08  07:20:16
43816	1	00060006	          	33	0	2017/12/08  07:20:32
43817	1	00057001	          	33	0	2017/12/08  07:22:44
43818	1	00056010	          	33	0	2017/12/08  07:25:24
43819	1	00059003	          	33	0	2017/12/08  07:31:17
43820	1	00060010	          	33	0	2017/12/08  07:32:54
43821	1	00060013	          	33	0	2017/12/08  07:34:34
43822	1	00060015	          	33	0	2017/12/08  07:37:05
43823	1	00058004	          	33	0	2017/12/08  07:44:04
43824	1	00059007	          	33	0	2017/12/08  07:44:58
43825	1	00059007	          	33	0	2017/12/08  07:44:59
43826	1	00056038	          	33	0	2017/12/08  07:47:40
43827	1	00056038	          	33	0	2017/12/08  07:47:42
43828	1	00056038	          	33	0	2017/12/08  07:47:44
43829	1	00058004	          	33	0	2017/12/08  07:47:57
43830	1	00056027	          	33	0	2017/12/08  07:49:37
43831	1	00060011	          	33	0	2017/12/08  08:00:58
43832	1	00059010	          	33	0	2017/12/08  08:01:20
43833	1	00056016	          	33	0	2017/12/08  08:07:56
43834	1	00060006	          	33	0	2017/12/08  17:01:30
43835	1	00059007	          	33	0	2017/12/08  17:03:20
43836	1	00059007	          	33	0	2017/12/08  17:03:21
43837	1	00059003	          	33	0	2017/12/08  17:03:26
43838	1	00060010	          	33	0	2017/12/08  17:03:35
43839	1	00056010	          	33	0	2017/12/08  17:03:54
43840	1	00056016	          	33	0	2017/12/08  17:05:17
43841	1	00059010	          	33	0	2017/12/08  17:06:52
43842	1	00058001	          	33	0	2017/12/08  17:07:55
43843	1	00058004	          	33	0	2017/12/08  17:08:28
43844	1	00058001	          	33	0	2017/12/08  17:14:46
43845	1	00056027	          	33	0	2017/12/08  17:14:56
43846	1	00060015	          	33	0	2017/12/08  17:23:56
43847	1	00056038	          	33	0	2017/12/08  17:29:27
43848	1	00056038	          	33	0	2017/12/08  17:29:28
43849	1	00060011	          	33	0	2017/12/08  18:04:21
43850	1	00060013	          	33	0	2017/12/08  19:00:24
43851	1	00056031	          	33	0	2017/12/08  19:01:37
43852	1	00060012	          	33	0	2017/12/08  19:02:16
43853	1	00057001	          	33	0	2017/12/08  19:21:50
43854	1	00056001	          	33	0	2017/12/08  19:27:12
43855	1	00058001	          	33	0	2017/12/09  07:13:57
43856	1	00056010	          	33	0	2017/12/09  07:15:18
43857	1	00057001	          	33	0	2017/12/09  07:27:32
43858	1	00056031	          	33	0	2017/12/09  07:30:51
43859	1	00056038	          	33	0	2017/12/09  07:31:39
43860	1	00060010	          	33	0	2017/12/09  07:32:31
43861	1	00059003	          	33	0	2017/12/09  07:35:51
43862	1	00060006	          	33	0	2017/12/09  07:38:37
43863	1	00056001	          	33	0	2017/12/09  07:41:16
43864	1	00059007	          	33	0	2017/12/09  07:46:18
43865	1	00059007	          	33	0	2017/12/09  07:46:19
43866	1	00060015	          	33	0	2017/12/09  07:47:17
43867	1	00060013	          	33	0	2017/12/09  07:48:25
43868	1	00059010	          	33	0	2017/12/09  07:51:22
43869	1	00056027	          	33	0	2017/12/09  07:52:54
43870	1	00060012	          	33	0	2017/12/09  07:56:49
43871	1	00056022	          	33	0	2017/12/09  07:58:12
43872	1	00056007	          	33	0	2017/12/09  07:59:06
43873	1	00056016	          	33	0	2017/12/09  08:02:02
43874	1	00059007	          	33	0	2017/12/09  10:10:28
43875	1	00056001	          	33	0	2017/12/09  15:55:21
43876	1	00060010	          	33	0	2017/12/09  17:02:04
43877	1	00056038	          	33	0	2017/12/09  17:04:50
43878	1	00060006	          	33	0	2017/12/09  17:05:03
43879	1	00056010	          	33	0	2017/12/09  17:07:14
43880	1	00059003	          	33	0	2017/12/09  17:07:48
43881	1	00059010	          	33	0	2017/12/09  17:08:38
43882	1	00056016	          	33	0	2017/12/09  17:11:24
43883	1	00056022	          	33	0	2017/12/09  17:12:03
43884	1	00058001	          	33	0	2017/12/09  17:12:56
43885	1	00060015	          	33	0	2017/12/09  17:16:03
43886	1	00056027	          	33	0	2017/12/09  17:39:11
43887	1	00056007	          	33	0	2017/12/09  18:02:13
43888	1	00057001	          	33	0	2017/12/09  18:02:54
43889	1	00060013	          	33	0	2017/12/09  18:31:19
43890	1	00060012	          	33	0	2017/12/09  18:34:13
43891	1	00056031	          	33	0	2017/12/09  18:34:22
43892	1	00056031	          	33	0	2017/12/09  18:35:57
43893	1	00056001	          	33	0	2017/12/11  06:46:21
43894	1	00058001	          	33	0	2017/12/11  06:48:11
43895	1	00056031	          	33	0	2017/12/11  07:18:34
43896	1	00057001	          	33	0	2017/12/11  07:25:25
43897	1	00056010	          	33	0	2017/12/11  07:31:24
43898	1	00056009	          	33	0	2017/12/11  07:32:58
43899	1	00060013	          	33	0	2017/12/11  07:33:13
43900	1	00059003	          	33	0	2017/12/11  07:34:24
43901	1	00057001	          	33	0	2017/12/11  07:36:03
43902	1	00060006	          	33	0	2017/12/11  07:38:29
43903	1	00060006	          	33	0	2017/12/11  07:39:19
43904	1	00056008	          	33	0	2017/12/11  07:39:49
43905	1	00060015	          	33	0	2017/12/11  07:43:02
43906	1	00056038	          	33	0	2017/12/11  07:43:34
43907	1	00059010	          	33	0	2017/12/11  07:43:38
43908	1	00058004	          	33	0	2017/12/11  07:43:57
43909	1	00060011	          	33	0	2017/12/11  07:48:24
43910	1	00059007	          	33	0	2017/12/11  07:51:22
43911	1	00059007	          	33	0	2017/12/11  07:51:23
43912	1	00060012	          	33	0	2017/12/11  07:52:40
43913	1	00056016	          	33	0	2017/12/11  07:53:16
43914	1	00056022	          	33	0	2017/12/11  07:53:36
43915	1	00056022	          	33	0	2017/12/11  07:53:37
43916	1	00056027	          	33	0	2017/12/11  07:56:05
43917	1	00059007	          	33	0	2017/12/11  17:05:12
43918	1	00059003	          	33	0	2017/12/11  17:05:48
43919	1	00056010	          	33	0	2017/12/11  17:06:21
43920	1	00056009	          	33	0	2017/12/11  17:07:05
43921	1	00056022	          	33	0	2017/12/11  17:07:11
43922	1	00056022	          	33	0	2017/12/11  17:07:12
43923	1	00056007	          	33	0	2017/12/11  17:08:29
43924	1	00056016	          	33	0	2017/12/11  17:08:38
43925	1	00058004	          	33	0	2017/12/11  17:08:51
43926	1	00059010	          	33	0	2017/12/11  17:08:55
43927	1	00060015	          	33	0	2017/12/11  17:19:39
43928	1	00060006	          	33	0	2017/12/11  17:20:13
43929	1	00060011	          	33	0	2017/12/11  17:20:43
43930	1	00058001	          	33	0	2017/12/11  17:22:36
43931	1	00056008	          	33	0	2017/12/11  17:25:23
43932	1	00060012	          	33	0	2017/12/11  17:30:20
43933	1	00056027	          	33	0	2017/12/11  17:33:19
43934	1	00056031	          	33	0	2017/12/11  17:37:40
43935	1	00056038	          	33	0	2017/12/11  17:43:13
43936	1	00060013	          	33	0	2017/12/11  18:00:02
43937	1	00057001	          	33	0	2017/12/11  18:03:48
43938	1	00056001	          	33	0	2017/12/11  18:08:42
43939	1	00057001	          	33	0	2017/12/12  07:08:34
43940	1	00058001	          	33	0	2017/12/12  07:09:11
43941	1	00056010	          	33	0	2017/12/12  07:22:50
43942	1	00060010	          	33	0	2017/12/12  07:25:50
43943	1	00060006	          	33	0	2017/12/12  07:26:56
43944	1	00056001	          	33	0	2017/12/12  07:33:55
43945	1	00060015	          	33	0	2017/12/12  07:37:37
43946	1	00056038	          	33	0	2017/12/12  07:38:02
43947	1	00060013	          	33	0	2017/12/12  07:39:11
43948	1	00059003	          	33	0	2017/12/12  07:42:02
43949	1	00056008	          	33	0	2017/12/12  07:43:15
43950	1	00059007	          	33	0	2017/12/12  07:43:34
43951	1	00059007	          	33	0	2017/12/12  07:43:35
43952	1	00059003	          	33	0	2017/12/12  07:45:54
43953	1	00060011	          	33	0	2017/12/12  07:50:51
43954	1	00056016	          	33	0	2017/12/12  07:51:01
43955	1	00060012	          	33	0	2017/12/12  07:51:12
43956	1	00060012	          	33	0	2017/12/12  07:52:05
43957	1	00056027	          	33	0	2017/12/12  07:52:15
43958	1	00059010	          	33	0	2017/12/12  07:57:45
43959	1	00056007	          	33	0	2017/12/12  07:58:23
43960	1	00058004	          	33	0	2017/12/12  08:07:06
43961	1	00058001	          	33	0	2017/12/12  17:01:09
43962	1	00056010	          	33	0	2017/12/12  17:03:03
43963	1	00059003	          	33	0	2017/12/12  17:03:57
43964	1	00059007	          	33	0	2017/12/12  17:04:02
43965	1	00060010	          	33	0	2017/12/12  17:04:51
43966	1	00056038	          	33	0	2017/12/12  17:08:11
43967	1	00059010	          	33	0	2017/12/12  17:08:58
43968	1	00060011	          	33	0	2017/12/12  17:11:50
43969	1	00060006	          	33	0	2017/12/12  17:12:22
43970	1	00056007	          	33	0	2017/12/12  17:12:27
43971	1	00060015	          	33	0	2017/12/12  17:13:35
43972	1	00058004	          	33	0	2017/12/12  17:14:00
43973	1	00056022	          	33	0	2017/12/12  17:16:05
43974	1	00058004	          	33	0	2017/12/12  17:16:37
43975	1	00060012	          	33	0	2017/12/12  17:20:24
43976	1	00060012	          	33	0	2017/12/12  17:21:23
43977	1	00056008	          	33	0	2017/12/12  17:23:38
43978	1	00056027	          	33	0	2017/12/12  17:27:30
43979	1	00056016	          	33	0	2017/12/12  17:28:05
43980	1	00060013	          	33	0	2017/12/12  17:33:34
43981	1	00057001	          	33	0	2017/12/12  17:36:05
43982	1	00056001	          	33	0	2017/12/12  20:04:46
43983	1	00058001	          	33	0	2017/12/13  06:54:27
43984	1	00056009	          	33	0	2017/12/13  07:02:55
43985	1	00060006	          	33	0	2017/12/13  07:09:59
43986	1	00057001	          	33	0	2017/12/13  07:15:31
43987	1	00056010	          	33	0	2017/12/13  07:17:27
43988	1	00056031	          	33	0	2017/12/13  07:18:12
43989	1	00059003	          	33	0	2017/12/13  07:29:49
43990	1	00059007	          	33	0	2017/12/13  07:33:17
43991	1	00059007	          	33	0	2017/12/13  07:33:18
43992	1	00060010	          	33	0	2017/12/13  07:35:49
43993	1	00060013	          	33	0	2017/12/13  07:36:58
43994	1	00060015	          	33	0	2017/12/13  07:41:01
43995	1	00056038	          	33	0	2017/12/13  07:47:19
43996	1	00056038	          	33	0	2017/12/13  07:47:20
43997	1	00056008	          	33	0	2017/12/13  07:50:21
43998	1	00059010	          	33	0	2017/12/13  07:51:44
43999	1	00060012	          	33	0	2017/12/13  07:52:22
44000	1	00060011	          	33	0	2017/12/13  07:56:07
44001	1	00056022	          	33	0	2017/12/13  07:56:34
44002	1	00056007	          	33	0	2017/12/13  07:58:02
44003	1	00056027	          	33	0	2017/12/13  08:00:11
44004	1	00056016	          	33	0	2017/12/13  08:01:52
44005	1	00058004	          	33	0	2017/12/13  08:05:20
44006	1	00056001	          	33	0	2017/12/13  15:05:46
44007	1	00058004	          	33	0	2017/12/13  17:00:24
44008	1	00056038	          	33	0	2017/12/13  17:01:07
44009	1	00056038	          	33	0	2017/12/13  17:01:08
44010	1	00060010	          	33	0	2017/12/13  17:01:58
44011	1	00060006	          	33	0	2017/12/13  17:02:35
44012	1	00059003	          	33	0	2017/12/13  17:03:10
44013	1	00056022	          	33	0	2017/12/13  17:03:18
44014	1	00056010	          	33	0	2017/12/13  17:03:27
44015	1	00059007	          	33	0	2017/12/13  17:03:39
44016	1	00059007	          	33	0	2017/12/13  17:03:40
44017	1	00056009	          	33	0	2017/12/13  17:04:05
44018	1	00056009	          	33	0	2017/12/13  17:04:06
44019	1	00058001	          	33	0	2017/12/13  17:04:40
44020	1	00058001	          	33	0	2017/12/13  17:06:29
44021	1	00060011	          	33	0	2017/12/13  17:08:25
44022	1	00056008	          	33	0	2017/12/13  17:14:13
44023	1	00056016	          	33	0	2017/12/13  17:14:17
44024	1	00059010	          	33	0	2017/12/13  17:14:23
44025	1	00056027	          	33	0	2017/12/13  17:18:13
44026	1	00056031	          	33	0	2017/12/13  20:05:22
44027	1	00060012	          	33	0	2017/12/13  20:06:12
44028	1	00060013	          	33	0	2017/12/13  20:09:57
44029	1	00060013	          	33	0	2017/12/13  20:09:58
44030	1	00058001	          	33	0	2017/12/14  07:03:09
44031	1	00056009	          	33	0	2017/12/14  07:03:21
44032	1	00056009	          	33	0	2017/12/14  07:03:22
44033	1	00057001	          	33	0	2017/12/14  07:11:05
44034	1	00056038	          	33	0	2017/12/14  07:17:30
44035	1	00056031	          	33	0	2017/12/14  07:20:22
44036	1	00056010	          	33	0	2017/12/14  07:22:46
44037	1	00060006	          	33	0	2017/12/14  07:23:26
44038	1	00060010	          	33	0	2017/12/14  07:24:31
44039	1	00060015	          	33	0	2017/12/14  07:35:39
44040	1	00059003	          	33	0	2017/12/14  07:36:32
44041	1	00060013	          	33	0	2017/12/14  07:40:13
44042	1	00059010	          	33	0	2017/12/14  07:48:19
44043	1	00056008	          	33	0	2017/12/14  07:48:34
44044	1	00059007	          	33	0	2017/12/14  07:51:19
44045	1	00059007	          	33	0	2017/12/14  07:51:20
44046	1	00060012	          	33	0	2017/12/14  07:51:59
44047	1	00059003	          	33	0	2017/12/14  07:52:01
44048	1	00056022	          	33	0	2017/12/14  07:55:00
44049	1	00056027	          	33	0	2017/12/14  07:55:43
44050	1	00056016	          	33	0	2017/12/14  08:00:20
44051	1	00060011	          	33	0	2017/12/14  08:01:17
44052	1	00058004	          	33	0	2017/12/14  08:02:16
44053	1	00058004	          	33	0	2017/12/14  17:04:08
44054	1	00059007	          	33	0	2017/12/14  17:06:01
44055	1	00059007	          	33	0	2017/12/14  17:06:02
44056	1	00060010	          	33	0	2017/12/14  17:06:28
44057	1	00059003	          	33	0	2017/12/14  17:06:39
44058	1	00060006	          	33	0	2017/12/14  17:08:07
44059	1	00060015	          	33	0	2017/12/14  17:08:13
44060	1	00058001	          	33	0	2017/12/14  17:08:55
44061	1	00056009	          	33	0	2017/12/14  17:09:00
44062	1	00056010	          	33	0	2017/12/14  17:09:19
44063	1	00056016	          	33	0	2017/12/14  17:10:50
44064	1	00060012	          	33	0	2017/12/14  17:13:27
44065	1	00059010	          	33	0	2017/12/14  17:16:19
44066	1	00056027	          	33	0	2017/12/14  17:16:23
44067	1	00059010	          	33	0	2017/12/14  17:16:57
44068	1	00056038	          	33	0	2017/12/14  17:23:04
44069	1	00056038	          	33	0	2017/12/14  17:23:05
44070	1	00056038	          	33	0	2017/12/14  17:24:25
44071	1	00056038	          	33	0	2017/12/14  17:24:26
44072	1	00056022	          	33	0	2017/12/14  17:32:11
44073	1	00060013	          	33	0	2017/12/14  17:35:59
44074	1	00056031	          	33	0	2017/12/14  18:30:24
44075	1	00056001	          	33	0	2017/12/14  18:41:28
44076	1	00057001	          	33	0	2017/12/14  19:04:01
44077	1	00060011	          	33	0	2017/12/14  19:04:05
44078	1	00058001	          	33	0	2017/12/15  07:00:15
44079	1	00056031	          	33	0	2017/12/15  07:06:26
44080	1	00056008	          	33	0	2017/12/15  07:18:21
44081	1	00060006	          	33	0	2017/12/15  07:21:46
44082	1	00056038	          	33	0	2017/12/15  07:29:30
44083	1	00057001	          	33	0	2017/12/15  07:29:40
44084	1	00059003	          	33	0	2017/12/15  07:29:50
44085	1	00060010	          	33	0	2017/12/15  07:30:19
44086	1	00056010	          	33	0	2017/12/15  07:35:21
44087	1	00056009	          	33	0	2017/12/15  07:35:45
44088	1	00060015	          	33	0	2017/12/15  07:36:33
44089	1	00060013	          	33	0	2017/12/15  07:43:05
44090	1	00060013	          	33	0	2017/12/15  07:49:37
44091	1	00060012	          	33	0	2017/12/15  07:50:54
44092	1	00056016	          	33	0	2017/12/15  07:53:01
44093	1	00059007	          	33	0	2017/12/15  07:53:51
44094	1	00059007	          	33	0	2017/12/15  07:53:52
44095	1	00058004	          	33	0	2017/12/15  07:54:45
44096	1	00059010	          	33	0	2017/12/15  07:55:50
44097	1	00060011	          	33	0	2017/12/15  07:58:12
44098	1	00056022	          	33	0	2017/12/15  08:02:11
44099	1	00056007	          	33	0	2017/12/15  08:02:22
44100	1	00056027	          	33	0	2017/12/15  08:24:04
44101	1	00059003	          	33	0	2017/12/15  17:10:48
44102	1	00056027	          	33	0	2017/12/15  17:12:24
44103	1	00060010	          	33	0	2017/12/15  17:12:41
44104	1	00058004	          	33	0	2017/12/15  17:13:24
44105	1	00056038	          	33	0	2017/12/15  17:15:24
44106	1	00060006	          	33	0	2017/12/15  17:15:30
44107	1	00059007	          	33	0	2017/12/15  17:16:43
44108	1	00059007	          	33	0	2017/12/15  17:16:44
44109	1	00056010	          	33	0	2017/12/15  17:19:36
44110	1	00060013	          	33	0	2017/12/15  17:20:35
44111	1	00056009	          	33	0	2017/12/15  17:20:50
44112	1	00060012	          	33	0	2017/12/15  17:21:12
44113	1	00056022	          	33	0	2017/12/15  17:21:52
44114	1	00056022	          	33	0	2017/12/15  17:21:53
44115	1	00058001	          	33	0	2017/12/15  17:22:40
44116	1	00056022	          	33	0	2017/12/15  17:22:44
44117	1	00056007	          	33	0	2017/12/15  17:23:03
44118	1	00056008	          	33	0	2017/12/15  17:26:10
44119	1	00056016	          	33	0	2017/12/15  17:28:06
44120	1	00059010	          	33	0	2017/12/15  17:30:00
44121	1	00056031	          	33	0	2017/12/15  17:52:31
44122	1	00057001	          	33	0	2017/12/15  18:16:39
44123	1	00056001	          	33	0	2017/12/15  19:33:08
44124	1	00056001	          	33	0	2017/12/15  19:33:11
44125	1	00056031	          	33	0	2017/12/16  06:17:38
44126	1	00056001	          	33	0	2017/12/16  07:05:31
44127	1	00058001	          	33	0	2017/12/18  07:04:44
44128	1	00057001	          	33	0	2017/12/18  07:08:23
44129	1	00056031	          	33	0	2017/12/18  07:13:38
44130	1	00059003	          	33	0	2017/12/18  07:29:21
44131	1	00060010	          	33	0	2017/12/18  07:29:46
44132	1	00060015	          	33	0	2017/12/18  07:32:12
44133	1	00060013	          	33	0	2017/12/18  07:33:09
44134	1	00056001	          	33	0	2017/12/18  07:33:16
44135	1	00056010	          	33	0	2017/12/18  07:34:38
44136	1	00056009	          	33	0	2017/12/18  07:34:49
44137	1	00060006	          	33	0	2017/12/18  07:36:43
44138	1	00060006	          	33	0	2017/12/18  07:36:44
44139	1	00059010	          	33	0	2017/12/18  07:39:53
44140	1	00056038	          	33	0	2017/12/18  07:40:18
44141	1	00056022	          	33	0	2017/12/18  07:47:38
44142	1	00056022	          	33	0	2017/12/18  07:47:39
44143	1	00056008	          	33	0	2017/12/18  07:48:00
44144	1	00058004	          	33	0	2017/12/18  07:48:39
44145	1	00056007	          	33	0	2017/12/18  07:48:57
44146	1	00056016	          	33	0	2017/12/18  07:52:36
44147	1	00060012	          	33	0	2017/12/18  07:55:29
44148	1	00056007	          	33	0	2017/12/18  07:55:48
44149	1	00056027	          	33	0	2017/12/18  07:56:31
44150	1	00059007	          	33	0	2017/12/18  07:57:49
44151	1	00059007	          	33	0	2017/12/18  07:57:50
44152	1	00059003	          	33	0	2017/12/18  17:00:26
44153	1	00060010	          	33	0	2017/12/18  17:00:44
44154	1	00059007	          	33	0	2017/12/18  17:01:50
44155	1	00056010	          	33	0	2017/12/18  17:02:34
44156	1	00058001	          	33	0	2017/12/18  17:03:14
44157	1	00056009	          	33	0	2017/12/18  17:06:37
44158	1	00056009	          	33	0	2017/12/18  17:06:38
44159	1	00056007	          	33	0	2017/12/18  17:07:30
44160	1	00056016	          	33	0	2017/12/18  17:08:34
44161	1	00056038	          	33	0	2017/12/18  17:10:46
44162	1	00056027	          	33	0	2017/12/18  17:10:51
44163	1	00056022	          	33	0	2017/12/18  17:11:06
44164	1	00060015	          	33	0	2017/12/18  17:11:09
44165	1	00060006	          	33	0	2017/12/18  17:12:27
44166	1	00056008	          	33	0	2017/12/18  17:17:10
44167	1	00056008	          	33	0	2017/12/18  17:18:05
44168	1	00059010	          	33	0	2017/12/18  17:24:34
44169	1	00058004	          	33	0	2017/12/18  19:10:14
44170	1	00057001	          	33	0	2017/12/18  19:28:50
44171	1	00060012	          	33	0	2017/12/18  19:29:13
44172	1	00056031	          	33	0	2017/12/18  19:30:04
44173	1	00060013	          	33	0	2017/12/18  19:30:07
44174	1	00060012	          	33	0	2017/12/18  19:30:28
44175	1	00056001	          	33	0	2017/12/18  19:48:36
44176	1	00058001	          	33	0	2017/12/19  07:08:36
44177	1	00056031	          	33	0	2017/12/19  07:14:09
44178	1	00056010	          	33	0	2017/12/19  07:24:22
44179	1	00056009	          	33	0	2017/12/19  07:24:29
44180	1	00056009	          	33	0	2017/12/19  07:24:30
44181	1	00057001	          	33	0	2017/12/19  07:25:37
44182	1	00060006	          	33	0	2017/12/19  07:26:21
44183	1	00060015	          	33	0	2017/12/19  07:31:54
44184	1	00060010	          	33	0	2017/12/19  07:32:22
44185	1	00059003	          	33	0	2017/12/19  07:32:54
44186	1	00056008	          	33	0	2017/12/19  07:33:20
44187	1	00056001	          	33	0	2017/12/19  07:36:21
44188	1	00060013	          	33	0	2017/12/19  07:41:03
44189	1	00056008	          	33	0	2017/12/19  07:41:26
44190	1	00056022	          	33	0	2017/12/19  07:42:04
44191	1	00056022	          	33	0	2017/12/19  07:42:06
44192	1	00056038	          	33	0	2017/12/19  07:42:43
44193	1	00056007	          	33	0	2017/12/19  07:42:48
44194	1	00059010	          	33	0	2017/12/19  07:45:45
44195	1	00056027	          	33	0	2017/12/19  07:52:17
44196	1	00060012	          	33	0	2017/12/19  07:54:23
44197	1	00060011	          	33	0	2017/12/19  07:59:47
44198	1	00056016	          	33	0	2017/12/19  08:00:04
44199	1	00058004	          	33	0	2017/12/19  08:11:39
44200	1	00059007	          	33	0	2017/12/19  08:48:51
44201	1	00059007	          	33	0	2017/12/19  08:48:52
44202	1	00060010	          	33	0	2017/12/19  09:47:58
44203	1	00056038	          	33	0	2017/12/19  17:02:23
44204	1	00059003	          	33	0	2017/12/19  17:09:23
44205	1	00056038	          	33	0	2017/12/19  17:12:32
44206	1	00060011	          	33	0	2017/12/19  17:15:39
44207	1	00056007	          	33	0	2017/12/19  17:18:54
44208	1	00058004	          	33	0	2017/12/19  17:18:57
44209	1	00056016	          	33	0	2017/12/19  17:20:23
44210	1	00059010	          	33	0	2017/12/19  17:22:29
44211	1	00059007	          	33	0	2017/12/19  17:26:19
44212	1	00059007	          	33	0	2017/12/19  17:26:20
44213	1	00056010	          	33	0	2017/12/19  17:26:33
44214	1	00056022	          	33	0	2017/12/19  17:27:02
44215	1	00056022	          	33	0	2017/12/19  17:27:03
44216	1	00060006	          	33	0	2017/12/19  17:27:25
44217	1	00056009	          	33	0	2017/12/19  17:29:11
44218	1	00056009	          	33	0	2017/12/19  17:29:12
44219	1	00058001	          	33	0	2017/12/19  17:30:42
44220	1	00056008	          	33	0	2017/12/19  17:40:00
44221	1	00060013	          	33	0	2017/12/19  20:00:07
44222	1	00056027	          	33	0	2017/12/19  20:00:11
44223	1	00060012	          	33	0	2017/12/19  20:01:03
44224	1	00056031	          	33	0	2017/12/19  20:03:30
44225	1	00057001	          	33	0	2017/12/19  20:14:11
44226	1	00056001	          	33	0	2017/12/19  20:18:57
44227	1	00058001	          	33	0	2017/12/20  06:53:56
44228	1	00057001	          	33	0	2017/12/20  07:17:15
44229	1	00056031	          	33	0	2017/12/20  07:23:45
44230	1	00056010	          	33	0	2017/12/20  07:25:58
44231	1	00056009	          	33	0	2017/12/20  07:26:07
44232	1	00059003	          	33	0	2017/12/20  07:30:18
44233	1	00060006	          	33	0	2017/12/20  07:32:53
44234	1	00060015	          	33	0	2017/12/20  07:32:58
44235	1	00060013	          	33	0	2017/12/20  07:34:45
44236	1	00056038	          	33	0	2017/12/20  07:41:40
44237	1	00056038	          	33	0	2017/12/20  07:41:41
44238	1	00056027	          	33	0	2017/12/20  07:53:47
44239	1	00059010	          	33	0	2017/12/20  07:56:21
44240	1	00060012	          	33	0	2017/12/20  07:56:24
44241	1	00056008	          	33	0	2017/12/20  07:57:36
44242	1	00060011	          	33	0	2017/12/20  07:59:26
44243	1	00056016	          	33	0	2017/12/20  08:07:49
44244	1	00058004	          	33	0	2017/12/20  08:17:32
44245	1	00056001	          	33	0	2017/12/20  10:41:17
44246	1	00056010	          	33	0	2017/12/20  17:02:24
44247	1	00058001	          	33	0	2017/12/20  17:02:59
44248	1	00056009	          	33	0	2017/12/20  17:03:54
44249	1	00056009	          	33	0	2017/12/20  17:03:55
44250	1	00060011	          	33	0	2017/12/20  17:11:43
44251	1	00060006	          	33	0	2017/12/20  17:11:58
44252	1	00059003	          	33	0	2017/12/20  17:12:10
44253	1	00059010	          	33	0	2017/12/20  17:12:46
44254	1	00058004	          	33	0	2017/12/20  17:13:28
44255	1	00056008	          	33	0	2017/12/20  17:16:44
44256	1	00056016	          	33	0	2017/12/20  17:22:38
44257	1	00060015	          	33	0	2017/12/20  17:25:45
44258	1	00057001	          	33	0	2017/12/20  17:36:30
44259	1	00056038	          	33	0	2017/12/20  18:01:38
44260	1	00056038	          	33	0	2017/12/20  18:01:40
44261	1	00060013	          	33	0	2017/12/20  19:01:09
44262	1	00056027	          	33	0	2017/12/20  19:10:40
44263	1	00060012	          	33	0	2017/12/20  19:12:52
44264	1	00056031	          	33	0	2017/12/20  19:14:55
44265	1	00056031	          	33	0	2017/12/20  19:15:24
44266	1	00056001	          	33	0	2017/12/20  20:13:13
44267	1	00056001	          	33	0	2017/12/21  06:20:31
44268	1	00058001	          	33	0	2017/12/21  06:43:18
44269	1	00057001	          	33	0	2017/12/21  06:49:30
44270	1	00056009	          	33	0	2017/12/21  07:20:45
44271	1	00056010	          	33	0	2017/12/21  07:22:21
44272	1	00060006	          	33	0	2017/12/21  07:24:34
44273	1	00060006	          	33	0	2017/12/21  07:24:35
44274	1	00060010	          	33	0	2017/12/21  07:37:35
44275	1	00060015	          	33	0	2017/12/21  07:41:04
44276	1	00059007	          	33	0	2017/12/21  07:41:52
44277	1	00060013	          	33	0	2017/12/21  07:45:05
44278	1	00056038	          	33	0	2017/12/21  07:45:08
44279	1	00056008	          	33	0	2017/12/21  07:50:05
44280	1	00058004	          	33	0	2017/12/21  07:53:07
44281	1	00056022	          	33	0	2017/12/21  07:55:04
44282	1	00060012	          	33	0	2017/12/21  07:56:49
44283	1	00056007	          	33	0	2017/12/21  07:57:00
44284	1	00059010	          	33	0	2017/12/21  08:00:42
44285	1	00056016	          	33	0	2017/12/21  08:03:31
44286	1	00056027	          	33	0	2017/12/21  08:03:59
44287	1	00060011	          	33	0	2017/12/21  08:06:22
44288	1	00056031	          	33	0	2017/12/21  08:22:18
