No	Mchn	EnNo		Name		Mode	IOMd	DateTime	
46435	1	00057001	          	33	0	2018/02/20  06:20:56
46436	1	00058001	          	33	0	2018/02/20  06:50:43
46437	1	00056031	          	33	0	2018/02/20  07:04:58
46438	1	00056010	          	33	0	2018/02/20  07:22:33
46439	1	00056009	          	33	0	2018/02/20  07:23:19
46440	1	00056009	          	33	0	2018/02/20  07:23:20
46441	1	00060010	          	33	0	2018/02/20  07:26:31
46442	1	00060015	          	33	0	2018/02/20  07:30:36
46443	1	00060006	          	33	0	2018/02/20  07:34:53
46444	1	00056038	          	33	0	2018/02/20  07:38:53
46445	1	00060012	          	33	0	2018/02/20  07:39:22
46446	1	00056008	          	33	0	2018/02/20  07:49:47
46447	1	00060013	          	33	0	2018/02/20  07:51:03
46448	1	00059010	          	33	0	2018/02/20  07:53:10
46449	1	00059007	          	33	0	2018/02/20  07:54:16
46450	1	00059007	          	33	0	2018/02/20  07:54:17
46451	1	00059007	          	33	0	2018/02/20  07:54:18
46452	1	00061001	          	33	0	2018/02/20  07:54:56
46453	1	00060011	          	33	0	2018/02/20  07:59:15
46454	1	00056027	          	33	0	2018/02/20  08:05:07
46455	1	00056001	          	33	0	2018/02/20  13:20:17
46456	1	00061001	          	33	0	2018/02/20  17:00:03
46457	1	00056010	          	33	0	2018/02/20  17:01:02
46458	1	00056009	          	33	0	2018/02/20  17:01:28
46459	1	00059007	          	33	0	2018/02/20  17:01:36
46460	1	00059007	          	33	0	2018/02/20  17:01:37
46461	1	00060011	          	33	0	2018/02/20  17:02:59
46462	1	00056038	          	33	0	2018/02/20  17:25:34
46463	1	00060012	          	33	0	2018/02/20  17:30:09
46464	1	00060013	          	33	0	2018/02/20  18:10:06
46465	1	00057001	          	33	0	2018/02/20  18:40:51
46466	1	00060015	          	33	0	2018/02/20  19:13:45
46467	1	00060010	          	33	0	2018/02/20  20:00:11
46468	1	00056008	          	33	0	2018/02/20  20:00:23
46469	1	00059010	          	33	0	2018/02/20  20:00:32
46470	1	00060006	          	33	0	2018/02/20  20:00:39
46471	1	00058001	          	33	0	2018/02/20  20:01:30
46472	1	00056027	          	33	0	2018/02/20  20:01:59
46473	1	00056031	          	33	0	2018/02/20  20:03:56
46474	1	00058001	          	33	0	2018/02/21  07:10:22
46475	1	00056038	          	33	0	2018/02/21  07:14:08
46476	1	00057001	          	33	0	2018/02/21  07:14:24
46477	1	00056031	          	33	0	2018/02/21  07:22:31
46478	1	00056010	          	33	0	2018/02/21  07:31:40
46479	1	00060012	          	33	0	2018/02/21  07:31:41
46480	1	00056010	          	33	0	2018/02/21  07:31:49
46481	1	00056009	          	33	0	2018/02/21  07:32:27
46482	1	00056009	          	33	0	2018/02/21  07:32:28
46483	1	00060010	          	33	0	2018/02/21  07:33:41
46484	1	00060006	          	33	0	2018/02/21  07:37:13
46485	1	00059007	          	33	0	2018/02/21  07:42:56
46486	1	00059007	          	33	0	2018/02/21  07:42:58
46487	1	00059007	          	33	0	2018/02/21  07:42:59
46488	1	00060013	          	33	0	2018/02/21  07:43:13
46489	1	00059003	          	33	0	2018/02/21  07:48:07
46490	1	00056016	          	33	0	2018/02/21  07:48:28
46491	1	00059010	          	33	0	2018/02/21  07:52:00
46492	1	00058004	          	33	0	2018/02/21  07:52:13
46493	1	00058004	          	33	0	2018/02/21  07:54:48
46494	1	00056001	          	33	0	2018/02/21  07:54:50
46495	1	00056001	          	33	0	2018/02/21  07:54:51
46496	1	00060011	          	33	0	2018/02/21  08:05:51
46497	1	00056027	          	33	0	2018/02/21  08:06:24
46498	1	00060010	          	33	0	2018/02/21  17:03:29
46499	1	00060010	          	33	0	2018/02/21  17:03:31
46500	1	00059003	          	33	0	2018/02/21  17:05:03
46501	1	00058001	          	33	0	2018/02/21  17:07:47
46502	1	00060012	          	33	0	2018/02/21  17:08:02
46503	1	00056010	          	33	0	2018/02/21  17:08:52
46504	1	00060006	          	33	0	2018/02/21  17:09:40
46505	1	00060013	          	33	0	2018/02/21  17:10:07
46506	1	00058004	          	33	0	2018/02/21  17:11:35
46507	1	00059007	          	33	0	2018/02/21  17:11:41
46508	1	00059007	          	33	0	2018/02/21  17:11:42
46509	1	00060011	          	33	0	2018/02/21  17:12:02
46510	1	00056009	          	33	0	2018/02/21  17:12:41
46511	1	00056027	          	33	0	2018/02/21  17:13:29
46512	1	00059010	          	33	0	2018/02/21  17:16:09
46513	1	00056016	          	33	0	2018/02/21  17:21:21
46514	1	00056001	          	33	0	2018/02/21  17:21:57
46515	1	00056031	          	33	0	2018/02/21  17:25:27
46516	1	00056038	          	33	0	2018/02/21  17:31:18
46517	1	00057001	          	33	0	2018/02/21  17:31:24
46518	1	00060015	          	33	0	2018/02/21  17:39:37
46519	1	00058001	          	33	0	2018/02/22  06:50:16
46520	1	00057001	          	33	0	2018/02/22  07:06:16
46521	1	00056031	          	33	0	2018/02/22  07:16:04
46522	1	00060006	          	33	0	2018/02/22  07:23:49
46523	1	00056010	          	33	0	2018/02/22  07:26:36
46524	1	00056009	          	33	0	2018/02/22  07:27:17
46525	1	00060012	          	33	0	2018/02/22  07:37:54
46526	1	00060010	          	33	0	2018/02/22  07:38:30
46527	1	00059003	          	33	0	2018/02/22  07:41:01
46528	1	00056038	          	33	0	2018/02/22  07:42:13
46529	1	00059007	          	33	0	2018/02/22  07:44:03
46530	1	00059007	          	33	0	2018/02/22  07:44:08
46531	1	00056008	          	33	0	2018/02/22  07:46:01
46532	1	00059010	          	33	0	2018/02/22  07:50:31
46533	1	00058004	          	33	0	2018/02/22  07:52:33
46534	1	00056016	          	33	0	2018/02/22  07:55:24
46535	1	00060011	          	33	0	2018/02/22  07:55:44
46536	1	00056027	          	33	0	2018/02/22  07:56:28
46537	1	00060011	          	33	0	2018/02/22  17:03:16
46538	1	00056010	          	33	0	2018/02/22  17:05:12
46539	1	00060010	          	33	0	2018/02/22  17:06:15
46540	1	00059003	          	33	0	2018/02/22  17:06:32
46541	1	00056009	          	33	0	2018/02/22  17:07:14
46542	1	00056009	          	33	0	2018/02/22  17:07:15
46543	1	00060006	          	33	0	2018/02/22  17:07:17
46544	1	00059007	          	33	0	2018/02/22  17:08:24
46545	1	00059007	          	33	0	2018/02/22  17:08:25
46546	1	00056027	          	33	0	2018/02/22  17:12:53
46547	1	00058001	          	33	0	2018/02/22  17:13:45
46548	1	00060012	          	33	0	2018/02/22  17:14:53
46549	1	00058004	          	33	0	2018/02/22  17:18:20
46550	1	00056016	          	33	0	2018/02/22  17:18:38
46551	1	00059010	          	33	0	2018/02/22  17:20:02
46552	1	00056008	          	33	0	2018/02/22  17:20:15
46553	1	00056031	          	33	0	2018/02/22  17:21:55
46554	1	00056001	          	33	0	2018/02/22  17:52:06
46555	1	00056038	          	33	0	2018/02/22  18:06:39
46556	1	00057001	          	33	0	2018/02/22  19:50:29
46557	1	00056001	          	33	0	2018/02/23  07:06:56
46558	1	00058001	          	33	0	2018/02/23  07:07:21
46559	1	00057001	          	33	0	2018/02/23  07:18:53
46560	1	00060006	          	33	0	2018/02/23  07:21:25
46561	1	00060010	          	33	0	2018/02/23  07:21:34
46562	1	00060010	          	33	0	2018/02/23  07:21:36
46563	1	00056031	          	33	0	2018/02/23  07:23:16
46564	1	00056010	          	33	0	2018/02/23  07:27:26
46565	1	00056009	          	33	0	2018/02/23  07:27:32
46566	1	00056009	          	33	0	2018/02/23  07:27:33
46567	1	00060013	          	33	0	2018/02/23  07:37:02
46568	1	00059003	          	33	0	2018/02/23  07:39:47
46569	1	00056038	          	33	0	2018/02/23  07:41:02
46570	1	00060012	          	33	0	2018/02/23  07:42:31
46571	1	00059010	          	33	0	2018/02/23  07:46:08
46572	1	00060011	          	33	0	2018/02/23  07:56:16
46573	1	00058004	          	33	0	2018/02/23  07:56:50
46574	1	00056008	          	33	0	2018/02/23  07:57:42
46575	1	00056016	          	33	0	2018/02/23  07:58:28
46576	1	00056001	          	33	0	2018/02/23  17:00:01
46577	1	00060010	          	33	0	2018/02/23  17:00:10
46578	1	00060011	          	33	0	2018/02/23  17:00:14
46579	1	00060006	          	33	0	2018/02/23  17:00:23
46580	1	00056038	          	33	0	2018/02/23  17:00:49
46581	1	00059003	          	33	0	2018/02/23  17:01:19
46582	1	00058001	          	33	0	2018/02/23  17:01:27
46583	1	00056010	          	33	0	2018/02/23  17:02:42
46584	1	00056009	          	33	0	2018/02/23  17:04:19
46585	1	00056016	          	33	0	2018/02/23  17:07:11
46586	1	00059010	          	33	0	2018/02/23  17:17:05
46587	1	00057001	          	33	0	2018/02/23  17:26:44
46588	1	00058004	          	33	0	2018/02/23  17:37:26
46589	1	00056008	          	33	0	2018/02/23  17:50:04
46590	1	00060013	          	33	0	2018/02/23  18:00:40
46591	1	00060012	          	33	0	2018/02/23  18:01:25
46592	1	00056031	          	33	0	2018/02/23  18:02:36
46593	1	00060012	          	33	0	2018/02/24  07:20:36
46594	1	00058001	          	33	0	2018/02/24  07:20:43
46595	1	00056031	          	33	0	2018/02/24  07:24:41
46596	1	00060010	          	33	0	2018/02/24  07:24:51
46597	1	00059003	          	33	0	2018/02/24  07:26:10
46598	1	00060006	          	33	0	2018/02/24  07:32:07
46599	1	00056038	          	33	0	2018/02/24  07:33:42
46600	1	00060013	          	33	0	2018/02/24  07:40:27
46601	1	00056010	          	33	0	2018/02/24  07:55:18
46602	1	00056009	          	33	0	2018/02/24  07:55:34
46603	1	00056016	          	33	0	2018/02/24  08:05:40
46604	1	00058004	          	33	0	2018/02/24  08:33:05
46605	1	00059010	          	33	0	2018/02/24  08:33:09
46606	1	00056038	          	33	0	2018/02/24  17:00:33
46607	1	00060013	          	33	0	2018/02/24  17:01:05
46608	1	00060006	          	33	0	2018/02/24  17:05:40
46609	1	00058001	          	33	0	2018/02/24  17:06:15
46610	1	00056010	          	33	0	2018/02/24  17:07:11
46611	1	00056009	          	33	0	2018/02/24  17:07:15
46612	1	00060012	          	33	0	2018/02/24  17:07:27
46613	1	00059003	          	33	0	2018/02/24  17:07:37
46614	1	00059010	          	33	0	2018/02/24  17:10:03
46615	1	00056016	          	33	0	2018/02/24  17:15:35
46616	1	00058004	          	33	0	2018/02/24  17:15:37
46617	1	00060010	          	33	0	2018/02/24  17:15:46
46618	1	00059010	          	33	0	2018/02/24  17:15:51
46619	1	00056031	          	33	0	2018/02/24  18:13:50
46620	1	00057001	          	33	0	2018/02/26  06:33:28
46621	1	00058001	          	33	0	2018/02/26  06:35:47
46622	1	00056031	          	33	0	2018/02/26  07:20:08
46623	1	00060006	          	33	0	2018/02/26  07:28:01
46624	1	00059003	          	33	0	2018/02/26  07:30:08
46625	1	00056038	          	33	0	2018/02/26  07:39:48
46626	1	00060013	          	33	0	2018/02/26  07:40:23
46627	1	00060010	          	33	0	2018/02/26  07:40:56
46628	1	00056022	          	33	0	2018/02/26  07:43:03
46629	1	00056022	          	33	0	2018/02/26  07:43:04
46630	1	00056007	          	33	0	2018/02/26  07:43:15
46631	1	00060012	          	33	0	2018/02/26  07:44:06
46632	1	00056010	          	33	0	2018/02/26  07:45:03
46633	1	00056009	          	33	0	2018/02/26  07:46:08
46634	1	00059007	          	33	0	2018/02/26  07:48:32
46635	1	00059007	          	33	0	2018/02/26  07:48:33
46636	1	00059010	          	33	0	2018/02/26  07:49:27
46637	1	00056001	          	33	0	2018/02/26  07:50:41
46638	1	00056008	          	33	0	2018/02/26  07:51:55
46639	1	00056008	          	33	0	2018/02/26  07:53:07
46640	1	00056016	          	33	0	2018/02/26  07:53:35
46641	1	00060011	          	33	0	2018/02/26  07:56:08
46642	1	00056027	          	33	0	2018/02/26  07:57:48
46643	1	00058004	          	33	0	2018/02/26  07:58:50
46644	1	00056008	          	33	0	2018/02/26  17:03:07
46645	1	00056008	          	33	0	2018/02/26  17:03:08
46646	1	00060006	          	33	0	2018/02/26  17:03:23
46647	1	00059007	          	33	0	2018/02/26  17:04:52
46648	1	00059007	          	33	0	2018/02/26  17:04:53
46649	1	00060011	          	33	0	2018/02/26  17:11:41
46650	1	00056001	          	33	0	2018/02/26  18:02:03
46651	1	00060013	          	33	0	2018/02/26  18:02:49
46652	1	00056038	          	33	0	2018/02/26  18:03:50
46653	1	00056007	          	33	0	2018/02/26  18:30:10
46654	1	00056007	          	33	0	2018/02/26  18:30:17
46655	1	00056022	          	33	0	2018/02/26  18:33:28
46656	1	00056009	          	33	0	2018/02/26  18:34:27
46657	1	00056010	          	33	0	2018/02/26  18:35:30
46658	1	00059003	          	33	0	2018/02/26  18:36:17
46659	1	00058001	          	33	0	2018/02/26  18:37:42
46660	1	00056027	          	33	0	2018/02/26  18:40:53
46661	1	00058004	          	33	0	2018/02/26  18:41:04
46662	1	00056016	          	33	0	2018/02/26  18:43:37
46663	1	00060010	          	33	0	2018/02/26  18:43:45
46664	1	00060012	          	33	0	2018/02/26  18:45:51
46665	1	00059010	          	33	0	2018/02/26  18:48:26
46666	1	00057001	          	33	0	2018/02/26  18:56:27
46667	1	00056031	          	33	0	2018/02/26  19:13:04
46668	1	00057001	          	33	0	2018/02/27  06:33:16
46669	1	00058001	          	33	0	2018/02/27  06:53:41
46670	1	00056031	          	33	0	2018/02/27  07:21:03
46671	1	00060012	          	33	0	2018/02/27  07:28:35
46672	1	00059003	          	33	0	2018/02/27  07:29:36
46673	1	00056010	          	33	0	2018/02/27  07:32:07
46674	1	00060013	          	33	0	2018/02/27  07:32:25
46675	1	00056009	          	33	0	2018/02/27  07:32:40
46676	1	00056009	          	33	0	2018/02/27  07:32:41
46677	1	00056010	          	33	0	2018/02/27  07:32:58
46678	1	00060006	          	33	0	2018/02/27  07:33:54
46679	1	00059003	          	33	0	2018/02/27  07:35:30
46680	1	00060010	          	33	0	2018/02/27  07:36:04
46681	1	00056038	          	33	0	2018/02/27  07:42:20
46682	1	00056001	          	33	0	2018/02/27  07:44:01
46683	1	00059007	          	33	0	2018/02/27  07:46:12
46684	1	00059007	          	33	0	2018/02/27  07:46:13
46685	1	00056008	          	33	0	2018/02/27  07:46:29
46686	1	00059010	          	33	0	2018/02/27  07:52:00
46687	1	00060011	          	33	0	2018/02/27  07:55:38
46688	1	00056016	          	33	0	2018/02/27  07:55:47
46689	1	00056007	          	33	0	2018/02/27  07:56:35
46690	1	00056022	          	33	0	2018/02/27  07:56:37
46691	1	00056027	          	33	0	2018/02/27  08:02:21
46692	1	00058004	          	33	0	2018/02/27  08:14:23
46693	1	00060010	          	33	0	2018/02/27  17:00:05
46694	1	00056009	          	33	0	2018/02/27  17:00:10
46695	1	00056009	          	33	0	2018/02/27  17:00:11
46696	1	00059007	          	33	0	2018/02/27  17:00:12
46697	1	00059007	          	33	0	2018/02/27  17:00:14
46698	1	00059007	          	33	0	2018/02/27  17:00:16
46699	1	00056010	          	33	0	2018/02/27  17:00:19
46700	1	00060011	          	33	0	2018/02/27  17:06:31
46701	1	00060011	          	33	0	2018/02/27  17:06:32
46702	1	00059003	          	33	0	2018/02/27  17:33:49
46703	1	00056022	          	33	0	2018/02/27  17:34:54
46704	1	00056022	          	33	0	2018/02/27  17:34:55
46705	1	00060012	          	33	0	2018/02/27  17:36:00
46706	1	00056027	          	33	0	2018/02/27  17:38:43
46707	1	00056007	          	33	0	2018/02/27  17:39:01
46708	1	00060006	          	33	0	2018/02/27  17:40:30
46709	1	00058004	          	33	0	2018/02/27  17:40:39
46710	1	00056016	          	33	0	2018/02/27  17:42:38
46711	1	00058001	          	33	0	2018/02/27  17:43:22
46712	1	00059010	          	33	0	2018/02/27  17:53:37
46713	1	00056008	          	33	0	2018/02/27  17:55:32
46714	1	00060013	          	33	0	2018/02/27  18:00:13
46715	1	00056001	          	33	0	2018/02/27  18:06:09
46716	1	00056031	          	33	0	2018/02/27  18:18:25
46717	1	00056038	          	33	0	2018/02/27  18:28:44
46718	1	00056038	          	33	0	2018/02/27  18:30:03
46719	1	00057001	          	33	0	2018/02/27  19:02:45
46720	1	00058001	          	33	0	2018/02/28  07:00:03
46721	1	00057001	          	33	0	2018/02/28  07:02:47
46722	1	00056031	          	33	0	2018/02/28  07:10:45
46723	1	00060010	          	33	0	2018/02/28  07:22:38
46724	1	00060006	          	33	0	2018/02/28  07:22:50
46725	1	00056010	          	33	0	2018/02/28  07:29:31
46726	1	00056009	          	33	0	2018/02/28  07:29:44
46727	1	00059003	          	33	0	2018/02/28  07:33:42
46728	1	00060013	          	33	0	2018/02/28  07:34:22
46729	1	00056022	          	33	0	2018/02/28  07:34:50
46730	1	00056022	          	33	0	2018/02/28  07:34:51
46731	1	00056007	          	33	0	2018/02/28  07:35:09
46732	1	00056038	          	33	0	2018/02/28  07:37:11
46733	1	00059007	          	33	0	2018/02/28  07:44:22
46734	1	00059007	          	33	0	2018/02/28  07:44:23
46735	1	00060012	          	33	0	2018/02/28  07:44:25
46736	1	00059010	          	33	0	2018/02/28  07:46:21
46737	1	00056027	          	33	0	2018/02/28  07:52:07
46738	1	00056027	          	33	0	2018/02/28  07:53:11
46739	1	00060011	          	33	0	2018/02/28  07:54:44
46740	1	00056016	          	33	0	2018/02/28  07:55:08
46741	1	00056008	          	33	0	2018/02/28  07:56:07
46742	1	00059010	          	33	0	2018/02/28  16:58:56
46743	1	00059010	          	33	0	2018/02/28  16:59:19
46744	1	00056008	          	33	0	2018/02/28  17:00:03
46745	1	00059010	          	33	0	2018/02/28  17:00:07
46746	1	00060011	          	33	0	2018/02/28  17:07:30
46747	1	00059003	          	33	0	2018/02/28  17:30:05
46748	1	00060010	          	33	0	2018/02/28  17:30:10
46749	1	00056022	          	33	0	2018/02/28  17:30:22
46750	1	00060006	          	33	0	2018/02/28  17:30:26
46751	1	00058001	          	33	0	2018/02/28  17:30:30
46752	1	00056010	          	33	0	2018/02/28  17:30:42
46753	1	00056027	          	33	0	2018/02/28  17:30:48
46754	1	00056009	          	33	0	2018/02/28  17:31:12
46755	1	00056009	          	33	0	2018/02/28  17:31:13
46756	1	00059007	          	33	0	2018/02/28  17:32:21
46757	1	00056027	          	33	0	2018/02/28  17:32:55
46758	1	00056016	          	33	0	2018/02/28  17:40:11
46759	1	00056010	          	33	0	2018/02/28  17:43:17
46760	1	00056009	          	33	0	2018/02/28  17:43:55
46761	1	00056009	          	33	0	2018/02/28  17:43:57
46762	1	00056007	          	33	0	2018/02/28  18:05:40
46763	1	00056007	          	33	0	2018/02/28  18:05:47
46764	1	00056038	          	33	0	2018/02/28  18:06:07
46765	1	00057001	          	33	0	2018/02/28  18:57:36
46766	1	00060013	          	33	0	2018/02/28  19:16:25
46767	1	00056031	          	33	0	2018/02/28  19:17:09
46768	1	00056031	          	33	0	2018/03/01  06:53:08
46769	1	00060010	          	33	0	2018/03/01  07:19:57
46770	1	00060006	          	33	0	2018/03/01  07:30:14
46771	1	00056038	          	33	0	2018/03/01  07:31:09
46772	1	00056010	          	33	0	2018/03/01  07:46:27
46773	1	00056009	          	33	0	2018/03/01  07:46:46
46774	1	00056009	          	33	0	2018/03/01  07:46:47
46775	1	00060012	          	33	0	2018/03/01  07:52:31
46776	1	00059007	          	33	0	2018/03/01  07:53:02
46777	1	00059007	          	33	0	2018/03/01  07:53:03
46778	1	00060012	          	33	0	2018/03/01  07:53:20
46779	1	00059003	          	33	0	2018/03/01  07:53:39
46780	1	00056027	          	33	0	2018/03/01  07:53:58
46781	1	00056022	          	33	0	2018/03/01  07:54:32
46782	1	00056007	          	33	0	2018/03/01  07:54:38
46783	1	00059010	          	33	0	2018/03/01  07:56:18
46784	1	00060013	          	33	0	2018/03/01  07:58:07
46785	1	00056001	          	33	0	2018/03/01  08:22:11
46786	1	00058004	          	33	0	2018/03/01  08:56:34
46787	1	00056010	          	33	0	2018/03/01  17:00:09
46788	1	00060013	          	33	0	2018/03/01  17:00:17
46789	1	00059007	          	33	0	2018/03/01  17:00:22
46790	1	00056009	          	33	0	2018/03/01  17:00:41
46791	1	00059003	          	33	0	2018/03/01  17:00:44
46792	1	00060006	          	33	0	2018/03/01  17:00:49
46793	1	00058004	          	33	0	2018/03/01  17:01:27
46794	1	00056022	          	33	0	2018/03/01  17:01:36
46795	1	00056007	          	33	0	2018/03/01  17:02:12
46796	1	00056038	          	33	0	2018/03/01  17:02:20
46797	1	00056027	          	33	0	2018/03/01  17:02:46
46798	1	00060010	          	33	0	2018/03/01  17:03:17
46799	1	00059010	          	33	0	2018/03/01  17:03:47
46800	1	00060010	          	33	0	2018/03/01  17:04:05
46801	1	00060012	          	33	0	2018/03/01  17:04:58
46802	1	00056031	          	33	0	2018/03/01  17:26:24
46803	1	00057001	          	33	0	2018/03/02  06:55:10
46804	1	00060010	          	33	0	2018/03/02  07:21:13
46805	1	00059003	          	33	0	2018/03/02  07:23:48
46806	1	00060006	          	33	0	2018/03/02  07:24:33
46807	1	00056010	          	33	0	2018/03/02  07:30:03
46808	1	00056009	          	33	0	2018/03/02  07:30:25
46809	1	00056009	          	33	0	2018/03/02  07:30:26
46810	1	00059007	          	33	0	2018/03/02  07:35:26
46811	1	00059007	          	33	0	2018/03/02  07:35:27
46812	1	00060013	          	33	0	2018/03/02  07:35:55
46813	1	00060012	          	33	0	2018/03/02  07:38:55
46814	1	00056022	          	33	0	2018/03/02  07:40:57
46815	1	00056022	          	33	0	2018/03/02  07:40:58
46816	1	00056007	          	33	0	2018/03/02  07:41:25
46817	1	00056001	          	33	0	2018/03/02  07:42:22
46818	1	00059010	          	33	0	2018/03/02  07:44:38
46819	1	00056038	          	33	0	2018/03/02  07:46:26
46820	1	00061001	          	33	0	2018/03/02  07:49:37
46821	1	00060011	          	33	0	2018/03/02  07:53:24
46822	1	00056027	          	33	0	2018/03/02  07:57:19
46823	1	00056031	          	33	0	2018/03/02  08:20:26
46824	1	00058004	          	33	0	2018/03/02  08:21:30
46825	1	00057001	          	33	0	2018/03/02  17:03:00
46826	1	00061001	          	33	0	2018/03/02  17:03:21
46827	1	00060011	          	33	0	2018/03/02  17:10:21
46828	1	00059003	          	33	0	2018/03/02  17:14:26
46829	1	00056038	          	33	0	2018/03/02  17:15:23
46830	1	00060010	          	33	0	2018/03/02  17:15:31
46831	1	00060012	          	33	0	2018/03/02  17:16:02
46832	1	00060013	          	33	0	2018/03/02  17:18:41
46833	1	00059010	          	33	0	2018/03/02  17:21:03
46834	1	00058004	          	33	0	2018/03/02  17:27:04
46835	1	00060006	          	33	0	2018/03/02  17:33:15
46836	1	00056027	          	33	0	2018/03/02  17:33:16
46837	1	00059007	          	33	0	2018/03/02  17:33:23
46838	1	00059007	          	33	0	2018/03/02  17:33:24
46839	1	00056022	          	33	0	2018/03/02  17:34:33
46840	1	00056009	          	33	0	2018/03/02  17:35:40
46841	1	00056010	          	33	0	2018/03/02  17:36:23
46842	1	00056031	          	33	0	2018/03/02  20:29:09
46843	1	00060013	          	33	0	2018/03/03  07:36:35
46844	1	00056007	          	33	0	2018/03/03  07:38:42
46845	1	00056007	          	33	0	2018/03/03  07:38:45
46846	1	00058004	          	33	0	2018/03/03  08:52:40
46847	1	00058004	          	33	0	2018/03/03  17:11:05
46848	1	00056007	          	33	0	2018/03/03  17:11:17
46849	1	00056007	          	33	0	2018/03/03  17:11:23
46850	1	00060013	          	33	0	2018/03/03  17:13:25
46851	1	00056031	          	33	0	2018/03/04  06:53:38
46852	1	00056010	          	33	0	2018/03/04  07:37:39
46853	1	00056009	          	33	0	2018/03/04  07:37:44
46854	1	00060006	          	33	0	2018/03/04  07:38:34
46855	1	00060006	          	33	0	2018/03/04  07:41:21
46856	1	00060010	          	33	0	2018/03/04  07:49:56
46857	1	00056022	          	33	0	2018/03/04  07:51:23
46858	1	00056007	          	33	0	2018/03/04  07:51:34
46859	1	00059007	          	33	0	2018/03/04  08:05:26
46860	1	00059007	          	33	0	2018/03/04  08:05:27
46861	1	00060012	          	33	0	2018/03/04  08:15:53
46862	1	00059003	          	33	0	2018/03/04  08:44:16
46863	1	00058004	          	33	0	2018/03/04  09:00:29
46864	1	00056007	          	33	0	2018/03/04  10:00:56
46865	1	00059003	          	33	0	2018/03/04  15:00:38
46866	1	00060010	          	33	0	2018/03/04  17:00:37
46867	1	00058004	          	33	0	2018/03/04  17:02:52
46868	1	00060006	          	33	0	2018/03/04  17:03:12
46869	1	00056022	          	33	0	2018/03/04  17:06:51
46870	1	00056022	          	33	0	2018/03/04  17:06:52
46871	1	00056010	          	33	0	2018/03/04  17:08:02
46872	1	00056009	          	33	0	2018/03/04  17:08:32
46873	1	00060012	          	33	0	2018/03/04  17:10:23
46874	1	00056031	          	33	0	2018/03/04  17:12:31
46875	1	00058001	          	33	0	2018/03/05  06:50:02
46876	1	00057001	          	33	0	2018/03/05  06:50:52
46877	1	00059003	          	33	0	2018/03/05  07:29:41
46878	1	00060006	          	33	0	2018/03/05  07:30:30
46879	1	00056010	          	33	0	2018/03/05  07:31:10
46880	1	00056009	          	33	0	2018/03/05  07:31:22
46881	1	00056031	          	33	0	2018/03/05  07:31:30
46882	1	00060013	          	33	0	2018/03/05  07:37:16
46883	1	00060012	          	33	0	2018/03/05  07:40:06
46884	1	00056022	          	33	0	2018/03/05  07:43:39
46885	1	00056022	          	33	0	2018/03/05  07:43:40
46886	1	00056038	          	33	0	2018/03/05  07:46:35
46887	1	00056038	          	33	0	2018/03/05  07:46:36
46888	1	00060010	          	33	0	2018/03/05  07:47:07
46889	1	00056016	          	33	0	2018/03/05  07:47:21
46890	1	00056027	          	33	0	2018/03/05  07:48:29
46891	1	00061001	          	33	0	2018/03/05  07:52:13
46892	1	00059007	          	33	0	2018/03/05  07:53:40
46893	1	00059007	          	33	0	2018/03/05  07:53:41
46894	1	00060011	          	33	0	2018/03/05  07:56:22
46895	1	00058004	          	33	0	2018/03/05  08:11:37
46896	1	00059007	          	33	0	2018/03/05  12:00:03
46897	1	00059007	          	33	0	2018/03/05  12:00:04
46898	1	00056010	          	33	0	2018/03/05  12:52:43
46899	1	00056010	          	33	0	2018/03/05  13:43:33
46900	1	00056038	          	33	0	2018/03/05  16:58:40
46901	1	00056038	          	33	0	2018/03/05  16:58:41
46902	1	00056038	          	33	0	2018/03/05  17:00:06
46903	1	00060010	          	33	0	2018/03/05  17:00:10
46904	1	00060010	          	33	0	2018/03/05  17:00:11
46905	1	00059003	          	33	0	2018/03/05  17:01:46
46906	1	00056027	          	33	0	2018/03/05  17:02:00
46907	1	00061001	          	33	0	2018/03/05  17:03:53
46908	1	00058001	          	33	0	2018/03/05  17:06:02
46909	1	00056022	          	33	0	2018/03/05  17:09:43
46910	1	00056022	          	33	0	2018/03/05  17:09:43
46911	1	00056010	          	33	0	2018/03/05  17:11:45
46912	1	00060006	          	33	0	2018/03/05  17:12:11
46913	1	00056009	          	33	0	2018/03/05  17:13:37
46914	1	00056009	          	33	0	2018/03/05  17:13:38
46915	1	00056016	          	33	0	2018/03/05  17:13:46
46916	1	00058004	          	33	0	2018/03/05  17:19:31
46917	1	00060011	          	33	0	2018/03/05  17:21:42
46918	1	00060012	          	33	0	2018/03/05  18:02:37
46919	1	00060012	          	33	0	2018/03/05  18:02:53
46920	1	00060013	          	33	0	2018/03/05  18:03:32
46921	1	00056031	          	33	0	2018/03/05  18:41:25
46922	1	00057001	          	33	0	2018/03/05  19:13:30
46923	1	00058001	          	33	0	2018/03/06  06:50:30
46924	1	00057001	          	33	0	2018/03/06  06:50:48
46925	1	00060010	          	33	0	2018/03/06  07:24:47
46926	1	00056010	          	33	0	2018/03/06  07:27:51
46927	1	00056009	          	33	0	2018/03/06  07:28:12
46928	1	00056001	          	33	0	2018/03/06  07:31:03
46929	1	00060013	          	33	0	2018/03/06  07:31:50
46930	1	00059003	          	33	0	2018/03/06  07:32:12
46931	1	00060006	          	33	0	2018/03/06  07:36:35
46932	1	00056031	          	33	0	2018/03/06  07:40:32
46933	1	00056022	          	33	0	2018/03/06  07:43:57
46934	1	00056022	          	33	0	2018/03/06  07:43:58
46935	1	00056022	          	33	0	2018/03/06  07:43:58
46936	1	00056038	          	33	0	2018/03/06  07:48:49
46937	1	00061001	          	33	0	2018/03/06  07:50:10
46938	1	00056007	          	33	0	2018/03/06  07:50:22
46939	1	00060012	          	33	0	2018/03/06  07:53:18
46940	1	00056016	          	33	0	2018/03/06  07:54:24
46941	1	00060012	          	33	0	2018/03/06  07:54:40
46942	1	00058004	          	33	0	2018/03/06  08:01:26
46943	1	00059003	          	33	0	2018/03/06  17:00:05
46944	1	00056010	          	33	0	2018/03/06  17:00:35
46945	1	00060010	          	33	0	2018/03/06  17:00:40
46946	1	00060010	          	33	0	2018/03/06  17:00:41
46947	1	00058001	          	33	0	2018/03/06  17:00:44
46948	1	00056022	          	33	0	2018/03/06  17:01:27
46949	1	00056022	          	33	0	2018/03/06  17:01:28
46950	1	00056007	          	33	0	2018/03/06  17:01:36
46951	1	00057001	          	33	0	2018/03/06  17:02:07
46952	1	00056009	          	33	0	2018/03/06  17:02:38
46953	1	00060006	          	33	0	2018/03/06  17:02:46
46954	1	00061001	          	33	0	2018/03/06  17:03:41
46955	1	00058004	          	33	0	2018/03/06  17:12:26
46956	1	00056016	          	33	0	2018/03/06  17:23:11
46957	1	00060012	          	33	0	2018/03/06  18:17:10
46958	1	00056031	          	33	0	2018/03/06  18:17:11
46959	1	00056038	          	33	0	2018/03/06  18:18:55
46960	1	00056001	          	33	0	2018/03/06  18:24:57
46961	1	00060013	          	33	0	2018/03/06  18:25:41
46962	1	00058001	          	33	0	2018/03/07  07:03:28
46963	1	00057001	          	33	0	2018/03/07  07:13:13
46964	1	00056031	          	33	0	2018/03/07  07:24:09
46965	1	00060006	          	33	0	2018/03/07  07:26:00
46966	1	00060010	          	33	0	2018/03/07  07:29:08
46967	1	00056010	          	33	0	2018/03/07  07:35:15
46968	1	00056009	          	33	0	2018/03/07  07:35:50
46969	1	00060013	          	33	0	2018/03/07  07:38:42
46970	1	00056038	          	33	0	2018/03/07  07:39:42
46971	1	00056001	          	33	0	2018/03/07  07:41:26
46972	1	00059003	          	33	0	2018/03/07  07:43:58
46973	1	00056016	          	33	0	2018/03/07  07:44:48
46974	1	00059007	          	33	0	2018/03/07  07:45:26
46975	1	00059007	          	33	0	2018/03/07  07:45:27
46976	1	00059007	          	33	0	2018/03/07  07:45:28
46977	1	00059010	          	33	0	2018/03/07  07:45:43
46978	1	00056022	          	33	0	2018/03/07  07:49:03
46979	1	00056022	          	33	0	2018/03/07  07:49:04
46980	1	00056007	          	33	0	2018/03/07  07:49:06
46981	1	00056007	          	33	0	2018/03/07  07:49:08
46982	1	00056007	          	33	0	2018/03/07  07:49:15
46983	1	00056027	          	33	0	2018/03/07  07:50:40
46984	1	00061001	          	33	0	2018/03/07  07:51:34
46985	1	00056008	          	33	0	2018/03/07  08:01:20
46986	1	00060011	          	33	0	2018/03/07  08:02:32
46987	1	00058004	          	33	0	2018/03/07  08:07:31
46988	1	00056027	          	33	0	2018/03/07  13:14:06
46989	1	00059003	          	33	0	2018/03/07  17:01:09
46990	1	00060006	          	33	0	2018/03/07  17:01:52
46991	1	00056010	          	33	0	2018/03/07  17:03:19
46992	1	00058001	          	33	0	2018/03/07  17:03:52
46993	1	00061001	          	33	0	2018/03/07  17:04:01
46994	1	00056022	          	33	0	2018/03/07  17:04:22
46995	1	00056022	          	33	0	2018/03/07  17:04:27
46996	1	00056009	          	33	0	2018/03/07  17:04:36
46997	1	00056009	          	33	0	2018/03/07  17:04:38
46998	1	00059007	          	33	0	2018/03/07  17:04:44
46999	1	00059007	          	33	0	2018/03/07  17:04:46
47000	1	00060015	          	33	0	2018/03/07  17:12:57
47001	1	00056007	          	33	0	2018/03/07  17:14:23
47002	1	00059010	          	33	0	2018/03/07  17:14:27
47003	1	00060010	          	33	0	2018/03/07  17:22:14
47004	1	00056008	          	33	0	2018/03/07  17:26:05
47005	1	00056016	          	33	0	2018/03/07  17:30:23
47006	1	00056001	          	33	0	2018/03/07  17:45:31
47007	1	00060011	          	33	0	2018/03/07  18:04:57
47008	1	00060013	          	33	0	2018/03/07  18:06:38
47009	1	00056038	          	33	0	2018/03/07  18:07:40
47010	1	00058004	          	33	0	2018/03/07  18:08:13
47011	1	00056031	          	33	0	2018/03/07  18:10:03
47012	1	00056031	          	33	0	2018/03/07  18:14:04
47013	1	00057001	          	33	0	2018/03/07  18:53:30
47014	1	00058001	          	33	0	2018/03/08  06:57:21
47015	1	00056031	          	33	0	2018/03/08  07:17:59
47016	1	00056010	          	33	0	2018/03/08  07:26:37
47017	1	00056009	          	33	0	2018/03/08  07:27:47
47018	1	00060010	          	33	0	2018/03/08  07:29:12
47019	1	00060006	          	33	0	2018/03/08  07:31:41
47020	1	00060013	          	33	0	2018/03/08  07:32:01
47021	1	00059003	          	33	0	2018/03/08  07:33:12
47022	1	00056007	          	33	0	2018/03/08  07:33:20
47023	1	00056001	          	33	0	2018/03/08  07:33:31
47024	1	00056038	          	33	0	2018/03/08  07:43:45
47025	1	00059007	          	33	0	2018/03/08  07:44:51
47026	1	00059007	          	33	0	2018/03/08  07:44:52
47027	1	00060012	          	33	0	2018/03/08  07:45:34
47028	1	00056016	          	33	0	2018/03/08  07:45:40
47029	1	00056008	          	33	0	2018/03/08  07:48:47
47030	1	00059010	          	33	0	2018/03/08  07:48:52
47031	1	00061001	          	33	0	2018/03/08  07:53:35
47032	1	00061001	          	33	0	2018/03/08  17:00:23
47033	1	00056038	          	33	0	2018/03/08  17:00:42
47034	1	00060012	          	33	0	2018/03/08  17:25:32
47035	1	00059003	          	33	0	2018/03/08  18:00:30
47036	1	00056007	          	33	0	2018/03/08  18:02:19
47037	1	00056007	          	33	0	2018/03/08  18:02:21
47038	1	00059010	          	33	0	2018/03/08  18:05:03
47039	1	00056016	          	33	0	2018/03/08  18:05:13
47040	1	00060010	          	33	0	2018/03/08  18:06:56
47041	1	00056010	          	33	0	2018/03/08  18:08:59
47042	1	00056008	          	33	0	2018/03/08  18:09:49
47043	1	00058001	          	33	0	2018/03/08  18:10:40
47044	1	00056009	          	33	0	2018/03/08  18:13:07
47045	1	00059007	          	33	0	2018/03/08  18:14:16
47046	1	00059007	          	33	0	2018/03/08  18:14:17
47047	1	00060006	          	33	0	2018/03/08  18:17:00
47048	1	00056001	          	33	0	2018/03/08  18:25:30
47049	1	00056001	          	33	0	2018/03/08  18:25:32
47050	1	00056001	          	33	0	2018/03/08  18:25:39
47051	1	00056031	          	33	0	2018/03/08  18:51:06
47052	1	00057001	          	33	0	2018/03/08  19:27:02
47053	1	00060013	          	33	0	2018/03/08  19:30:03
47054	1	00058001	          	33	0	2018/03/09  06:50:22
47055	1	00057001	          	33	0	2018/03/09  07:04:13
47056	1	00060006	          	33	0	2018/03/09  07:30:02
47057	1	00056031	          	33	0	2018/03/09  07:33:52
47058	1	00056038	          	33	0	2018/03/09  07:46:01
47059	1	00056010	          	33	0	2018/03/09  07:46:44
47060	1	00056009	          	33	0	2018/03/09  07:47:06
47061	1	00060013	          	33	0	2018/03/09  07:47:10
47062	1	00059003	          	33	0	2018/03/09  07:49:22
47063	1	00059010	          	33	0	2018/03/09  07:52:13
47064	1	00056016	          	33	0	2018/03/09  07:53:11
47065	1	00061001	          	33	0	2018/03/09  07:54:05
47066	1	00056027	          	33	0	2018/03/09  08:06:14
47067	1	00058004	          	33	0	2018/03/09  08:10:40
47068	1	00060012	          	33	0	2018/03/09  08:14:12
47069	1	00056008	          	33	0	2018/03/09  08:25:43
47070	1	00060015	          	33	0	2018/03/09  10:11:57
47071	1	00056022	          	33	0	2018/03/09  12:46:17
47072	1	00056022	          	33	0	2018/03/09  12:46:18
47073	1	00056007	          	33	0	2018/03/09  12:46:49
47074	1	00058004	          	33	0	2018/03/09  17:10:23
47075	1	00056038	          	33	0	2018/03/09  17:17:06
47076	1	00056038	          	33	0	2018/03/09  17:17:07
47077	1	00056001	          	33	0	2018/03/09  17:17:10
47078	1	00060015	          	33	0	2018/03/09  17:17:49
47079	1	00061001	          	33	0	2018/03/09  17:17:52
47080	1	00060012	          	33	0	2018/03/09  17:19:42
47081	1	00059010	          	33	0	2018/03/09  17:20:26
47082	1	00059003	          	33	0	2018/03/09  17:20:31
47083	1	00060012	          	33	0	2018/03/09  17:21:35
47084	1	00056008	          	33	0	2018/03/09  17:26:33
47085	1	00057001	          	33	0	2018/03/09  17:28:42
47086	1	00056027	          	33	0	2018/03/09  17:30:16
47087	1	00060013	          	33	0	2018/03/09  17:30:41
47088	1	00056022	          	33	0	2018/03/09  17:30:56
47089	1	00056022	          	33	0	2018/03/09  17:30:57
47090	1	00056010	          	33	0	2018/03/09  17:31:06
47091	1	00056009	          	33	0	2018/03/09  17:31:14
47092	1	00058001	          	33	0	2018/03/09  17:31:23
47093	1	00056007	          	33	0	2018/03/09  17:31:36
47094	1	00060006	          	33	0	2018/03/09  17:31:42
47095	1	00059010	          	33	0	2018/03/09  17:31:52
47096	1	00056016	          	33	0	2018/03/09  17:32:29
47097	1	00056031	          	33	0	2018/03/09  17:37:46
47098	1	00056008	          	33	0	2018/03/10  07:49:42
47099	1	00056009	          	33	0	2018/03/10  07:50:14
47100	1	00056009	          	33	0	2018/03/10  07:50:16
47101	1	00060006	          	33	0	2018/03/10  07:50:18
47102	1	00059003	          	33	0	2018/03/10  07:50:20
47103	1	00056010	          	33	0	2018/03/10  07:50:27
47104	1	00060013	          	33	0	2018/03/10  07:52:08
47105	1	00060015	          	33	0	2018/03/10  07:54:02
47106	1	00056016	          	33	0	2018/03/10  08:02:55
47107	1	00058004	          	33	0	2018/03/10  09:00:27
47108	1	00059003	          	33	0	2018/03/10  17:00:04
47109	1	00056009	          	33	0	2018/03/10  17:00:11
47110	1	00058004	          	33	0	2018/03/10  17:00:15
47111	1	00060013	          	33	0	2018/03/10  17:00:23
47112	1	00056010	          	33	0	2018/03/10  17:00:33
47113	1	00060006	          	33	0	2018/03/10  17:00:40
47114	1	00056016	          	33	0	2018/03/10  17:01:57
47115	1	00056008	          	33	0	2018/03/10  17:08:14
47116	1	00060015	          	33	0	2018/03/10  17:08:23
47117	1	00056008	          	33	0	2018/03/11  08:06:19
47118	1	00056016	          	33	0	2018/03/11  08:22:25
47119	1	00060012	          	33	0	2018/03/11  12:24:42
47120	1	00056008	          	33	0	2018/03/11  12:24:46
47121	1	00056016	          	33	0	2018/03/11  12:25:22
47122	1	00056008	          	33	0	2018/03/11  12:32:08
47123	1	00058001	          	33	0	2018/03/12  06:56:23
47124	1	00056031	          	33	0	2018/03/12  06:57:23
47125	1	00057001	          	33	0	2018/03/12  07:20:25
47126	1	00060010	          	33	0	2018/03/12  07:21:39
47127	1	00056010	          	33	0	2018/03/12  07:29:43
47128	1	00059003	          	33	0	2018/03/12  07:30:08
47129	1	00056009	          	33	0	2018/03/12  07:30:11
47130	1	00060015	          	33	0	2018/03/12  07:32:18
47131	1	00060006	          	33	0	2018/03/12  07:35:55
47132	1	00060013	          	33	0	2018/03/12  07:37:44
47133	1	00059003	          	33	0	2018/03/12  07:40:42
47134	1	00056008	          	33	0	2018/03/12  07:42:07
47135	1	00056038	          	33	0	2018/03/12  07:42:24
47136	1	00059010	          	33	0	2018/03/12  07:43:26
47137	1	00056001	          	33	0	2018/03/12  07:46:41
47138	1	00056022	          	33	0	2018/03/12  07:47:40
47139	1	00060012	          	33	0	2018/03/12  07:49:12
47140	1	00061001	          	33	0	2018/03/12  07:52:26
47141	1	00056027	          	33	0	2018/03/12  07:53:12
47142	1	00060012	          	33	0	2018/03/12  07:53:22
47143	1	00060011	          	33	0	2018/03/12  07:54:37
47144	1	00056008	          	33	0	2018/03/12  07:57:02
47145	1	00056007	          	33	0	2018/03/12  07:57:31
47146	1	00056007	          	33	0	2018/03/12  07:57:33
47147	1	00059007	          	33	0	2018/03/12  08:00:00
47148	1	00059007	          	33	0	2018/03/12  08:00:01
47149	1	00058004	          	33	0	2018/03/12  08:02:21
47150	1	00056031	          	33	0	2018/03/12  12:00:22
47151	1	00060012	          	33	0	2018/03/12  16:58:31
47152	1	00056010	          	33	0	2018/03/12  17:00:37
47153	1	00059003	          	33	0	2018/03/12  17:00:44
47154	1	00059007	          	33	0	2018/03/12  17:02:05
47155	1	00059007	          	33	0	2018/03/12  17:02:06
47156	1	00056009	          	33	0	2018/03/12  17:02:20
47157	1	00056009	          	33	0	2018/03/12  17:02:21
47158	1	00060011	          	33	0	2018/03/12  17:02:48
47159	1	00058004	          	33	0	2018/03/12  17:02:58
47160	1	00060010	          	33	0	2018/03/12  17:03:52
47161	1	00060010	          	33	0	2018/03/12  17:03:54
47162	1	00059010	          	33	0	2018/03/12  17:04:27
47163	1	00061001	          	33	0	2018/03/12  17:05:41
47164	1	00059010	          	33	0	2018/03/12  17:06:37
47165	1	00059010	          	33	0	2018/03/12  17:06:46
47166	1	00060006	          	33	0	2018/03/12  17:07:12
47167	1	00058001	          	33	0	2018/03/12  17:07:52
47168	1	00056027	          	33	0	2018/03/12  17:09:30
47169	1	00056022	          	33	0	2018/03/12  17:10:10
47170	1	00056007	          	33	0	2018/03/12  17:30:26
47171	1	00056007	          	33	0	2018/03/12  17:30:28
47172	1	00056008	          	33	0	2018/03/12  17:55:21
47173	1	00060013	          	33	0	2018/03/12  18:06:19
47174	1	00060015	          	33	0	2018/03/12  18:08:44
47175	1	00057001	          	33	0	2018/03/12  18:11:50
47176	1	00056038	          	33	0	2018/03/12  18:13:44
47177	1	00056001	          	33	0	2018/03/12  20:11:39
47178	1	00058001	          	33	0	2018/03/13  06:46:03
47179	1	00057001	          	33	0	2018/03/13  06:46:12
47180	1	00056031	          	33	0	2018/03/13  07:05:47
47181	1	00060012	          	33	0	2018/03/13  07:19:11
47182	1	00056010	          	33	0	2018/03/13  07:24:50
47183	1	00056009	          	33	0	2018/03/13  07:24:58
47184	1	00060010	          	33	0	2018/03/13  07:27:29
47185	1	00059003	          	33	0	2018/03/13  07:28:25
47186	1	00060006	          	33	0	2018/03/13  07:28:31
47187	1	00060013	          	33	0	2018/03/13  07:33:29
47188	1	00056038	          	33	0	2018/03/13  07:34:28
47189	1	00056038	          	33	0	2018/03/13  07:34:29
47190	1	00056008	          	33	0	2018/03/13  07:44:37
47191	1	00056027	          	33	0	2018/03/13  07:45:14
47192	1	00059010	          	33	0	2018/03/13  07:45:28
47193	1	00059007	          	33	0	2018/03/13  07:46:47
47194	1	00059007	          	33	0	2018/03/13  07:46:48
47195	1	00056022	          	33	0	2018/03/13  07:50:54
47196	1	00056022	          	33	0	2018/03/13  07:50:55
47197	1	00056007	          	33	0	2018/03/13  07:50:57
47198	1	00056007	          	33	0	2018/03/13  07:50:59
47199	1	00056007	          	33	0	2018/03/13  07:51:01
47200	1	00056016	          	33	0	2018/03/13  07:51:05
47201	1	00056008	          	33	0	2018/03/13  07:51:28
47202	1	00061001	          	33	0	2018/03/13  07:53:39
47203	1	00060011	          	33	0	2018/03/13  07:54:55
47204	1	00060015	          	33	0	2018/03/13  08:12:43
47205	1	00060011	          	33	0	2018/03/13  17:04:44
47206	1	00060011	          	33	0	2018/03/13  17:04:45
47207	1	00061001	          	33	0	2018/03/13  17:51:49
47208	1	00056009	          	33	0	2018/03/13  18:09:57
47209	1	00056010	          	33	0	2018/03/13  18:10:17
47210	1	00059007	          	33	0	2018/03/13  18:13:02
47211	1	00059007	          	33	0	2018/03/13  18:13:03
47212	1	00056001	          	33	0	2018/03/13  18:14:10
47213	1	00056038	          	33	0	2018/03/13  18:14:14
47214	1	00060013	          	33	0	2018/03/13  18:17:28
47215	1	00060006	          	33	0	2018/03/13  18:30:08
47216	1	00057001	          	33	0	2018/03/13  18:31:16
47217	1	00060015	          	33	0	2018/03/13  18:41:03
47218	1	00056022	          	33	0	2018/03/13  18:51:33
47219	1	00056022	          	33	0	2018/03/13  18:51:34
47220	1	00056007	          	33	0	2018/03/13  19:01:10
47221	1	00056007	          	33	0	2018/03/13  19:01:12
47222	1	00059003	          	33	0	2018/03/13  19:04:23
47223	1	00060010	          	33	0	2018/03/13  19:08:38
47224	1	00058001	          	33	0	2018/03/13  19:09:37
47225	1	00056027	          	33	0	2018/03/13  19:13:16
47226	1	00056016	          	33	0	2018/03/13  19:13:20
47227	1	00056001	          	33	0	2018/03/13  20:07:43
47228	1	00056031	          	33	0	2018/03/13  20:11:22
47229	1	00058001	          	33	0	2018/03/14  06:49:37
47230	1	00057001	          	33	0	2018/03/14  07:00:21
47231	1	00056031	          	33	0	2018/03/14  07:18:12
47232	1	00060006	          	33	0	2018/03/14  07:20:10
47233	1	00056010	          	33	0	2018/03/14  07:20:31
47234	1	00056009	          	33	0	2018/03/14  07:21:13
47235	1	00056009	          	33	0	2018/03/14  07:21:14
47236	1	00060010	          	33	0	2018/03/14  07:28:31
47237	1	00059003	          	33	0	2018/03/14  07:28:54
47238	1	00059003	          	33	0	2018/03/14  07:30:13
47239	1	00058004	          	33	0	2018/03/14  07:36:38
47240	1	00060015	          	33	0	2018/03/14  07:39:01
47241	1	00056038	          	33	0	2018/03/14  07:39:45
47242	1	00060013	          	33	0	2018/03/14  07:40:19
47243	1	00059010	          	33	0	2018/03/14  07:44:41
47244	1	00056022	          	33	0	2018/03/14  07:48:48
47245	1	00056022	          	33	0	2018/03/14  07:48:49
47246	1	00056008	          	33	0	2018/03/14  07:48:57
47247	1	00056007	          	33	0	2018/03/14  07:49:05
47248	1	00056007	          	33	0	2018/03/14  07:49:07
47249	1	00056016	          	33	0	2018/03/14  07:54:23
47250	1	00061001	          	33	0	2018/03/14  07:54:58
47251	1	00056027	          	33	0	2018/03/14  07:56:55
47252	1	00060011	          	33	0	2018/03/14  07:57:11
47253	1	00059007	          	33	0	2018/03/14  08:02:29
47254	1	00059007	          	33	0	2018/03/14  08:02:30
47255	1	00061001	          	33	0	2018/03/14  17:00:29
47256	1	00060010	          	33	0	2018/03/14  17:01:40
47257	1	00059010	          	33	0	2018/03/14  17:01:44
47258	1	00058004	          	33	0	2018/03/14  17:02:50
47259	1	00056001	          	33	0	2018/03/14  17:05:34
47260	1	00056001	          	33	0	2018/03/14  17:05:39
47261	1	00058001	          	33	0	2018/03/14  17:06:10
47262	1	00056010	          	33	0	2018/03/14  17:06:19
47263	1	00056022	          	33	0	2018/03/14  17:07:14
47264	1	00056022	          	33	0	2018/03/14  17:07:15
47265	1	00056009	          	33	0	2018/03/14  17:07:40
47266	1	00056009	          	33	0	2018/03/14  17:07:41
47267	1	00059007	          	33	0	2018/03/14  17:09:10
47268	1	00059007	          	33	0	2018/03/14  17:09:11
47269	1	00060006	          	33	0	2018/03/14  17:12:48
47270	1	00057001	          	33	0	2018/03/14  17:12:54
47271	1	00060006	          	33	0	2018/03/14  17:16:12
47272	1	00058004	          	33	0	2018/03/14  17:17:14
47273	1	00060015	          	33	0	2018/03/14  17:29:51
47274	1	00056007	          	33	0	2018/03/14  17:30:02
47275	1	00056016	          	33	0	2018/03/14  17:30:19
47276	1	00056008	          	33	0	2018/03/14  17:30:22
47277	1	00060011	          	33	0	2018/03/14  17:31:46
47278	1	00056027	          	33	0	2018/03/14  17:33:02
47279	1	00056031	          	33	0	2018/03/14  17:35:06
47280	1	00060013	          	33	0	2018/03/14  17:39:26
47281	1	00056038	          	33	0	2018/03/14  17:43:06
47282	1	00058001	          	33	0	2018/03/15  07:05:42
47283	1	00057001	          	33	0	2018/03/15  07:12:20
47284	1	00056010	          	33	0	2018/03/15  07:19:10
47285	1	00056009	          	33	0	2018/03/15  07:19:29
47286	1	00060010	          	33	0	2018/03/15  07:20:51
47287	1	00059003	          	33	0	2018/03/15  07:21:28
47288	1	00060006	          	33	0	2018/03/15  07:28:34
47289	1	00056027	          	33	0	2018/03/15  07:29:53
47290	1	00060006	          	33	0	2018/03/15  07:29:59
47291	1	00060013	          	33	0	2018/03/15  07:34:03
47292	1	00056038	          	33	0	2018/03/15  07:45:25
47293	1	00056001	          	33	0	2018/03/15  07:47:04
47294	1	00060015	          	33	0	2018/03/15  07:47:12
47295	1	00059010	          	33	0	2018/03/15  07:47:17
47296	1	00056008	          	33	0	2018/03/15  07:48:18
47297	1	00056016	          	33	0	2018/03/15  07:50:37
47298	1	00059007	          	33	0	2018/03/15  07:50:42
47299	1	00059007	          	33	0	2018/03/15  07:50:43
47300	1	00061001	          	33	0	2018/03/15  07:54:12
47301	1	00060011	          	33	0	2018/03/15  07:57:04
47302	1	00056007	          	33	0	2018/03/15  07:57:55
47303	1	00056007	          	33	0	2018/03/15  07:57:57
47304	1	00056022	          	33	0	2018/03/15  07:58:07
47305	1	00056022	          	33	0	2018/03/15  07:58:08
47306	1	00058004	          	33	0	2018/03/15  07:59:03
47307	1	00056007	          	33	0	2018/03/15  07:59:13
47308	1	00059003	          	33	0	2018/03/15  17:00:05
47309	1	00059010	          	33	0	2018/03/15  17:00:16
47310	1	00056022	          	33	0	2018/03/15  17:01:28
47311	1	00056010	          	33	0	2018/03/15  17:01:33
47312	1	00060006	          	33	0	2018/03/15  17:01:40
47313	1	00061001	          	33	0	2018/03/15  17:01:50
47314	1	00060011	          	33	0	2018/03/15  17:02:27
47315	1	00058004	          	33	0	2018/03/15  17:03:51
47316	1	00059010	          	33	0	2018/03/15  17:10:14
47317	1	00059010	          	33	0	2018/03/15  17:10:58
47318	1	00056009	          	33	0	2018/03/15  17:11:32
47319	1	00059007	          	33	0	2018/03/15  17:12:24
47320	1	00058001	          	33	0	2018/03/15  17:13:56
47321	1	00056008	          	33	0	2018/03/15  17:14:01
47322	1	00056027	          	33	0	2018/03/15  17:14:48
47323	1	00060010	          	33	0	2018/03/15  17:14:53
47324	1	00056016	          	33	0	2018/03/15  17:17:41
47325	1	00056001	          	33	0	2018/03/15  17:28:49
47326	1	00056038	          	33	0	2018/03/15  17:40:07
47327	1	00060015	          	33	0	2018/03/15  17:47:02
47328	1	00057001	          	33	0	2018/03/15  18:58:55
47329	1	00060013	          	33	0	2018/03/15  19:00:20
47330	1	00058001	          	33	0	2018/03/16  07:06:20
47331	1	00057001	          	33	0	2018/03/16  07:16:06
47332	1	00056031	          	33	0	2018/03/16  07:19:42
47333	1	00056010	          	33	0	2018/03/16  07:22:19
47334	1	00056009	          	33	0	2018/03/16  07:23:04
47335	1	00060006	          	33	0	2018/03/16  07:25:09
47336	1	00059003	          	33	0	2018/03/16  07:28:58
47337	1	00060015	          	33	0	2018/03/16  07:34:11
47338	1	00060013	          	33	0	2018/03/16  07:35:57
47339	1	00060010	          	33	0	2018/03/16  07:36:14
47340	1	00060010	          	33	0	2018/03/16  07:36:15
47341	1	00056038	          	33	0	2018/03/16  07:38:53
47342	1	00056007	          	33	0	2018/03/16  07:42:48
47343	1	00056007	          	33	0	2018/03/16  07:42:53
47344	1	00059010	          	33	0	2018/03/16  07:45:08
47345	1	00059007	          	33	0	2018/03/16  07:46:18
47346	1	00059007	          	33	0	2018/03/16  07:46:19
47347	1	00061001	          	33	0	2018/03/16  07:53:54
47348	1	00056016	          	33	0	2018/03/16  07:55:33
47349	1	00060011	          	33	0	2018/03/16  07:59:37
47350	1	00058004	          	33	0	2018/03/16  08:11:32
47351	1	00058004	          	33	0	2018/03/16  08:49:32
47352	1	00056008	          	33	0	2018/03/16  09:25:47
47353	1	00059003	          	33	0	2018/03/16  17:00:04
47354	1	00059007	          	33	0	2018/03/16  17:00:28
47355	1	00059007	          	33	0	2018/03/16  17:00:29
47356	1	00056009	          	33	0	2018/03/16  17:01:21
47357	1	00056007	          	33	0	2018/03/16  17:01:26
47358	1	00056007	          	33	0	2018/03/16  17:01:28
47359	1	00056010	          	33	0	2018/03/16  17:01:31
47360	1	00060010	          	33	0	2018/03/16  17:01:49
47361	1	00060011	          	33	0	2018/03/16  17:01:56
47362	1	00061001	          	33	0	2018/03/16  17:01:59
47363	1	00060006	          	33	0	2018/03/16  17:05:12
47364	1	00058001	          	33	0	2018/03/16  17:08:14
47365	1	00059010	          	33	0	2018/03/16  17:09:00
47366	1	00060015	          	33	0	2018/03/16  17:10:02
47367	1	00057001	          	33	0	2018/03/16  17:22:37
47368	1	00056027	          	33	0	2018/03/16  17:24:02
47369	1	00056016	          	33	0	2018/03/16  17:31:48
47370	1	00056031	          	33	0	2018/03/16  17:38:21
47371	1	00060013	          	33	0	2018/03/16  18:00:08
47372	1	00056038	          	33	0	2018/03/16  18:00:12
47373	1	00056008	          	33	0	2018/03/16  18:04:23
47374	1	00056008	          	33	0	2018/03/16  18:05:53
47375	1	00056031	          	33	0	2018/03/17  07:22:16
47376	1	00056016	          	33	0	2018/03/17  07:22:27
47377	1	00056010	          	33	0	2018/03/17  07:22:48
47378	1	00058001	          	33	0	2018/03/17  07:25:44
47379	1	00060010	          	33	0	2018/03/17  07:30:21
47380	1	00060013	          	33	0	2018/03/17  07:39:37
47381	1	00056038	          	33	0	2018/03/17  07:42:30
47382	1	00056007	          	33	0	2018/03/17  07:44:27
47383	1	00056007	          	33	0	2018/03/17  07:44:28
47384	1	00056027	          	33	0	2018/03/17  07:48:54
47385	1	00059007	          	33	0	2018/03/17  07:57:00
47386	1	00059007	          	33	0	2018/03/17  07:57:01
47387	1	00060006	          	33	0	2018/03/17  07:57:17
47388	1	00060011	          	33	0	2018/03/17  08:01:15
47389	1	00059007	          	33	0	2018/03/17  15:22:32
47390	1	00059007	          	33	0	2018/03/17  15:22:33
47391	1	00056010	          	33	0	2018/03/17  17:01:18
47392	1	00060011	          	33	0	2018/03/17  17:03:55
47393	1	00060010	          	33	0	2018/03/17  17:04:39
47394	1	00060006	          	33	0	2018/03/17  17:05:38
47395	1	00056038	          	33	0	2018/03/17  17:08:45
47396	1	00060013	          	33	0	2018/03/17  17:09:32
47397	1	00056038	          	33	0	2018/03/17  17:09:41
47398	1	00056027	          	33	0	2018/03/17  17:13:52
47399	1	00058001	          	33	0	2018/03/17  17:13:57
47400	1	00056007	          	33	0	2018/03/17  17:14:11
47401	1	00056016	          	33	0	2018/03/17  17:15:40
47402	1	00056031	          	33	0	2018/03/17  17:54:05
47403	1	00056031	          	33	0	2018/03/18  07:35:31
47404	1	00056031	          	33	0	2018/03/18  08:00:53
47405	1	00056027	          	33	0	2018/03/18  08:01:56
47406	1	00056016	          	33	0	2018/03/18  08:16:15
47407	1	00056027	          	33	0	2018/03/18  17:03:05
47408	1	00056016	          	33	0	2018/03/18  17:04:18
47409	1	00056031	          	33	0	2018/03/18  17:08:46
47410	1	00058001	          	33	0	2018/03/19  06:50:00
47411	1	00057001	          	33	0	2018/03/19  06:56:19
47412	1	00056031	          	33	0	2018/03/19  07:13:42
47413	1	00056010	          	33	0	2018/03/19  07:19:43
47414	1	00056009	          	33	0	2018/03/19  07:19:51
47415	1	00056009	          	33	0	2018/03/19  07:19:52
47416	1	00060010	          	33	0	2018/03/19  07:28:43
47417	1	00060006	          	33	0	2018/03/19  07:30:18
47418	1	00059003	          	33	0	2018/03/19  07:34:09
47419	1	00056001	          	33	0	2018/03/19  07:34:26
47420	1	00056038	          	33	0	2018/03/19  07:35:31
47421	1	00059003	          	33	0	2018/03/19  07:35:43
47422	1	00059010	          	33	0	2018/03/19  07:35:50
47423	1	00060015	          	33	0	2018/03/19  07:36:03
47424	1	00058004	          	33	0	2018/03/19  07:39:00
47425	1	00060013	          	33	0	2018/03/19  07:39:51
47426	1	00056027	          	33	0	2018/03/19  07:51:28
47427	1	00056016	          	33	0	2018/03/19  07:51:45
47428	1	00061001	          	33	0	2018/03/19  07:53:58
47429	1	00060011	          	33	0	2018/03/19  08:09:28
47430	1	00060011	          	33	0	2018/03/19  08:09:29
47431	1	00060015	          	33	0	2018/03/19  16:57:57
47432	1	00061001	          	33	0	2018/03/19  17:00:33
47433	1	00058004	          	33	0	2018/03/19  17:12:01
47434	1	00060011	          	33	0	2018/03/19  17:12:59
47435	1	00059003	          	33	0	2018/03/19  17:37:13
47436	1	00056038	          	33	0	2018/03/19  18:04:39
47437	1	00060013	          	33	0	2018/03/19  18:07:48
47438	1	00056008	          	33	0	2018/03/19  18:13:11
47439	1	00056010	          	33	0	2018/03/19  18:18:47
47440	1	00060010	          	33	0	2018/03/19  18:19:14
47441	1	00060010	          	33	0	2018/03/19  18:19:16
47442	1	00056027	          	33	0	2018/03/19  18:19:18
47443	1	00056016	          	33	0	2018/03/19  18:21:05
47444	1	00056009	          	33	0	2018/03/19  18:22:06
47445	1	00060006	          	33	0	2018/03/19  18:22:11
47446	1	00058001	          	33	0	2018/03/19  18:22:15
47447	1	00059010	          	33	0	2018/03/19  18:22:29
47448	1	00057001	          	33	0	2018/03/19  19:04:31
47449	1	00056031	          	33	0	2018/03/19  19:26:30
47450	1	00056001	          	33	0	2018/03/19  20:20:39
47451	1	00058001	          	33	0	2018/03/20  07:03:37
47452	1	00057001	          	33	0	2018/03/20  07:09:12
47453	1	00056031	          	33	0	2018/03/20  07:18:58
47454	1	00060006	          	33	0	2018/03/20  07:20:45
47455	1	00060010	          	33	0	2018/03/20  07:21:07
47456	1	00060010	          	33	0	2018/03/20  07:21:08
47457	1	00056010	          	33	0	2018/03/20  07:27:38
47458	1	00056009	          	33	0	2018/03/20  07:27:52
47459	1	00060013	          	33	0	2018/03/20  07:34:10
47460	1	00059003	          	33	0	2018/03/20  07:38:01
47461	1	00056022	          	33	0	2018/03/20  07:39:03
47462	1	00056022	          	33	0	2018/03/20  07:39:09
47463	1	00056022	          	33	0	2018/03/20  07:39:10
47464	1	00056007	          	33	0	2018/03/20  07:39:20
47465	1	00056007	          	33	0	2018/03/20  07:39:22
47466	1	00056038	          	33	0	2018/03/20  07:40:20
47467	1	00056001	          	33	0	2018/03/20  07:45:58
47468	1	00056027	          	33	0	2018/03/20  07:48:21
47469	1	00061001	          	33	0	2018/03/20  08:00:09
47470	1	00060011	          	33	0	2018/03/20  08:01:39
47471	1	00058004	          	33	0	2018/03/20  08:02:08
47472	1	00056016	          	33	0	2018/03/20  08:03:13
47473	1	00059011	          	33	0	2018/03/20  16:07:13
47474	1	00059003	          	33	0	2018/03/20  17:00:26
47475	1	00061001	          	33	0	2018/03/20  17:05:29
47476	1	00060006	          	33	0	2018/03/20  17:21:38
47477	1	00058004	          	33	0	2018/03/20  17:40:03
47478	1	00060011	          	33	0	2018/03/20  18:01:08
47479	1	00056038	          	33	0	2018/03/20  18:38:37
47480	1	00056007	          	33	0	2018/03/20  18:39:49
47481	1	00056009	          	33	0	2018/03/20  18:40:23
47482	1	00056022	          	33	0	2018/03/20  18:40:29
47483	1	00056027	          	33	0	2018/03/20  18:41:02
47484	1	00058001	          	33	0	2018/03/20  18:41:09
47485	1	00056010	          	33	0	2018/03/20  18:41:19
47486	1	00060010	          	33	0	2018/03/20  18:41:23
47487	1	00060010	          	33	0	2018/03/20  18:41:25
47488	1	00058001	          	33	0	2018/03/20  18:46:18
47489	1	00056001	          	33	0	2018/03/20  19:17:43
47490	1	00056016	          	33	0	2018/03/20  19:37:44
47491	1	00060013	          	33	0	2018/03/20  20:13:19
47492	1	00056031	          	33	0	2018/03/20  20:13:48
47493	1	00057001	          	33	0	2018/03/20  20:14:18
47494	1	00057001	          	33	0	2018/03/21  06:56:31
47495	1	00058001	          	33	0	2018/03/21  06:57:25
47496	1	00056010	          	33	0	2018/03/21  07:15:23
47497	1	00060006	          	33	0	2018/03/21  07:15:36
47498	1	00056031	          	33	0	2018/03/21  07:20:19
47499	1	00060010	          	33	0	2018/03/21  07:31:54
47500	1	00060013	          	33	0	2018/03/21  07:38:43
47501	1	00056038	          	33	0	2018/03/21  07:40:59
47502	1	00056016	          	33	0	2018/03/21  07:41:39
47503	1	00056022	          	33	0	2018/03/21  07:43:08
47504	1	00056007	          	33	0	2018/03/21  07:43:14
47505	1	00056007	          	33	0	2018/03/21  07:43:16
47506	1	00056001	          	33	0	2018/03/21  07:48:25
47507	1	00056027	          	33	0	2018/03/21  07:48:59
47508	1	00058004	          	33	0	2018/03/21  07:49:35
47509	1	00061001	          	33	0	2018/03/21  07:53:26
47510	1	00060011	          	33	0	2018/03/21  07:56:05
