No	Mchn	EnNo		Name		Mode	IOMd	DateTime	
44227	1	00058001	          	33	0	2017/12/20  06:53:56
44228	1	00057001	          	33	0	2017/12/20  07:17:15
44229	1	00056031	          	33	0	2017/12/20  07:23:45
44230	1	00056010	          	33	0	2017/12/20  07:25:58
44231	1	00056009	          	33	0	2017/12/20  07:26:07
44232	1	00059003	          	33	0	2017/12/20  07:30:18
44233	1	00060006	          	33	0	2017/12/20  07:32:53
44234	1	00060015	          	33	0	2017/12/20  07:32:58
44235	1	00060013	          	33	0	2017/12/20  07:34:45
44236	1	00056038	          	33	0	2017/12/20  07:41:40
44237	1	00056038	          	33	0	2017/12/20  07:41:41
44238	1	00056027	          	33	0	2017/12/20  07:53:47
44239	1	00059010	          	33	0	2017/12/20  07:56:21
44240	1	00060012	          	33	0	2017/12/20  07:56:24
44241	1	00056008	          	33	0	2017/12/20  07:57:36
44242	1	00060011	          	33	0	2017/12/20  07:59:26
44243	1	00056016	          	33	0	2017/12/20  08:07:49
44244	1	00058004	          	33	0	2017/12/20  08:17:32
44245	1	00056001	          	33	0	2017/12/20  10:41:17
44246	1	00056010	          	33	0	2017/12/20  17:02:24
44247	1	00058001	          	33	0	2017/12/20  17:02:59
44248	1	00056009	          	33	0	2017/12/20  17:03:54
44249	1	00056009	          	33	0	2017/12/20  17:03:55
44250	1	00060011	          	33	0	2017/12/20  17:11:43
44251	1	00060006	          	33	0	2017/12/20  17:11:58
44252	1	00059003	          	33	0	2017/12/20  17:12:10
44253	1	00059010	          	33	0	2017/12/20  17:12:46
44254	1	00058004	          	33	0	2017/12/20  17:13:28
44255	1	00056008	          	33	0	2017/12/20  17:16:44
44256	1	00056016	          	33	0	2017/12/20  17:22:38
44257	1	00060015	          	33	0	2017/12/20  17:25:45
44258	1	00057001	          	33	0	2017/12/20  17:36:30
44259	1	00056038	          	33	0	2017/12/20  18:01:38
44260	1	00056038	          	33	0	2017/12/20  18:01:40
44261	1	00060013	          	33	0	2017/12/20  19:01:09
44262	1	00056027	          	33	0	2017/12/20  19:10:40
44263	1	00060012	          	33	0	2017/12/20  19:12:52
44264	1	00056031	          	33	0	2017/12/20  19:14:55
44265	1	00056031	          	33	0	2017/12/20  19:15:24
44266	1	00056001	          	33	0	2017/12/20  20:13:13
44267	1	00056001	          	33	0	2017/12/21  06:20:31
44268	1	00058001	          	33	0	2017/12/21  06:43:18
44269	1	00057001	          	33	0	2017/12/21  06:49:30
44270	1	00056009	          	33	0	2017/12/21  07:20:45
44271	1	00056010	          	33	0	2017/12/21  07:22:21
44272	1	00060006	          	33	0	2017/12/21  07:24:34
44273	1	00060006	          	33	0	2017/12/21  07:24:35
44274	1	00060010	          	33	0	2017/12/21  07:37:35
44275	1	00060015	          	33	0	2017/12/21  07:41:04
44276	1	00059007	          	33	0	2017/12/21  07:41:52
44277	1	00060013	          	33	0	2017/12/21  07:45:05
44278	1	00056038	          	33	0	2017/12/21  07:45:08
44279	1	00056008	          	33	0	2017/12/21  07:50:05
44280	1	00058004	          	33	0	2017/12/21  07:53:07
44281	1	00056022	          	33	0	2017/12/21  07:55:04
44282	1	00060012	          	33	0	2017/12/21  07:56:49
44283	1	00056007	          	33	0	2017/12/21  07:57:00
44284	1	00059010	          	33	0	2017/12/21  08:00:42
44285	1	00056016	          	33	0	2017/12/21  08:03:31
44286	1	00056027	          	33	0	2017/12/21  08:03:59
44287	1	00060011	          	33	0	2017/12/21  08:06:22
44288	1	00056031	          	33	0	2017/12/21  08:22:18
44289	1	00056038	          	33	0	2017/12/21  17:38:52
44290	1	00060011	          	33	0	2017/12/21  17:38:59
44291	1	00060010	          	33	0	2017/12/21  17:39:15
44292	1	00056008	          	33	0	2017/12/21  17:46:44
44293	1	00056016	          	33	0	2017/12/21  17:49:26
44294	1	00059010	          	33	0	2017/12/21  17:56:14
44295	1	00058001	          	33	0	2017/12/21  17:56:22
44296	1	00056022	          	33	0	2017/12/21  18:00:03
44297	1	00056022	          	33	0	2017/12/21  18:00:04
44298	1	00056007	          	33	0	2017/12/21  18:00:14
44299	1	00060006	          	33	0	2017/12/21  18:00:26
44300	1	00060006	          	33	0	2017/12/21  18:00:27
44301	1	00056009	          	33	0	2017/12/21  18:00:33
44302	1	00059007	          	33	0	2017/12/21  18:00:36
44303	1	00059007	          	33	0	2017/12/21  18:00:38
44304	1	00059007	          	33	0	2017/12/21  18:00:39
44305	1	00056010	          	33	0	2017/12/21  18:00:45
44306	1	00058004	          	33	0	2017/12/21  18:01:41
44307	1	00056016	          	33	0	2017/12/21  18:06:36
44308	1	00056001	          	33	0	2017/12/21  18:14:52
44309	1	00060015	          	33	0	2017/12/21  18:14:59
44310	1	00057001	          	33	0	2017/12/21  19:45:28
44311	1	00056027	          	33	0	2017/12/21  20:08:02
44312	1	00060012	          	33	0	2017/12/21  20:12:51
44313	1	00060013	          	33	0	2017/12/21  20:15:25
44314	1	00056031	          	33	0	2017/12/21  20:17:10
44315	1	00058001	          	33	0	2017/12/22  06:46:37
44316	1	00058001	          	33	0	2017/12/22  06:53:06
44317	1	00057001	          	33	0	2017/12/22  06:53:14
44318	1	00056031	          	33	0	2017/12/22  07:22:29
44319	1	00056008	          	33	0	2017/12/22  07:25:14
44320	1	00060010	          	33	0	2017/12/22  07:25:24
44321	1	00059010	          	33	0	2017/12/22  07:25:28
44322	1	00056010	          	33	0	2017/12/22  07:27:00
44323	1	00056009	          	33	0	2017/12/22  07:27:06
44324	1	00060006	          	33	0	2017/12/22  07:27:29
44325	1	00060015	          	33	0	2017/12/22  07:32:17
44326	1	00059003	          	33	0	2017/12/22  07:33:36
44327	1	00056001	          	33	0	2017/12/22  07:35:50
44328	1	00060013	          	33	0	2017/12/22  07:38:44
44329	1	00056038	          	33	0	2017/12/22  07:45:14
44330	1	00056038	          	33	0	2017/12/22  07:45:15
44331	1	00060012	          	33	0	2017/12/22  07:51:04
44332	1	00059007	          	33	0	2017/12/22  07:54:47
44333	1	00059007	          	33	0	2017/12/22  07:54:49
44334	1	00056022	          	33	0	2017/12/22  07:57:51
44335	1	00056022	          	33	0	2017/12/22  07:57:52
44336	1	00058004	          	33	0	2017/12/22  07:59:33
44337	1	00056007	          	33	0	2017/12/22  07:59:36
44338	1	00056027	          	33	0	2017/12/22  08:01:53
44339	1	00060011	          	33	0	2017/12/22  08:02:59
44340	1	00056016	          	33	0	2017/12/22  08:17:42
44341	1	00056022	          	33	0	2017/12/22  17:02:17
44342	1	00056010	          	33	0	2017/12/22  17:02:24
44343	1	00060010	          	33	0	2017/12/22  17:02:34
44344	1	00060006	          	33	0	2017/12/22  17:03:18
44345	1	00059003	          	33	0	2017/12/22  17:04:54
44346	1	00056007	          	33	0	2017/12/22  17:05:06
44347	1	00059007	          	33	0	2017/12/22  17:05:49
44348	1	00059007	          	33	0	2017/12/22  17:05:50
44349	1	00056009	          	33	0	2017/12/22  17:06:34
44350	1	00059003	          	33	0	2017/12/22  17:06:44
44351	1	00056038	          	33	0	2017/12/22  17:07:14
44352	1	00056038	          	33	0	2017/12/22  17:07:15
44353	1	00056016	          	33	0	2017/12/22  17:08:24
44354	1	00059010	          	33	0	2017/12/22  17:08:56
44355	1	00058001	          	33	0	2017/12/22  17:09:39
44356	1	00058004	          	33	0	2017/12/22  17:14:22
44357	1	00060015	          	33	0	2017/12/22  17:14:23
44358	1	00056008	          	33	0	2017/12/22  17:19:08
44359	1	00056027	          	33	0	2017/12/22  17:23:40
44360	1	00060012	          	33	0	2017/12/22  17:25:09
44361	1	00056001	          	33	0	2017/12/22  17:37:34
44362	1	00060011	          	33	0	2017/12/22  17:38:02
44363	1	00060013	          	33	0	2017/12/22  18:01:03
44364	1	00056038	          	33	0	2017/12/22  18:48:45
44365	1	00056038	          	33	0	2017/12/22  18:48:46
44366	1	00057001	          	33	0	2017/12/22  18:49:29
44367	1	00056031	          	33	0	2017/12/23  07:24:11
44368	1	00056027	          	33	0	2017/12/23  08:00:49
44369	1	00060012	          	33	0	2017/12/23  08:04:54
44370	1	00056027	          	33	0	2017/12/23  17:02:01
44371	1	00060013	          	33	0	2017/12/23  17:12:19
44372	1	00056031	          	33	0	2017/12/23  17:15:29
44373	1	00060012	          	33	0	2017/12/23  17:16:34
44374	1	00058001	          	33	0	2017/12/25  07:12:56
44375	1	00056010	          	33	0	2017/12/25  07:14:46
44376	1	00056031	          	33	0	2017/12/25  07:14:53
44377	1	00056009	          	33	0	2017/12/25  07:14:58
44378	1	00056009	          	33	0	2017/12/25  07:17:19
44379	1	00056009	          	33	0	2017/12/25  07:17:20
44380	1	00060010	          	33	0	2017/12/25  07:28:49
44381	1	00060006	          	33	0	2017/12/25  07:32:20
44382	1	00060013	          	33	0	2017/12/25  07:33:21
44383	1	00056038	          	33	0	2017/12/25  07:42:09
44384	1	00056001	          	33	0	2017/12/25  07:42:49
44385	1	00060012	          	33	0	2017/12/25  07:42:55
44386	1	00059003	          	33	0	2017/12/25  07:43:16
44387	1	00059010	          	33	0	2017/12/25  07:45:19
44388	1	00059007	          	33	0	2017/12/25  07:48:24
44389	1	00059007	          	33	0	2017/12/25  07:48:25
44390	1	00056022	          	33	0	2017/12/25  07:53:09
44391	1	00056007	          	33	0	2017/12/25  07:53:37
44392	1	00056008	          	33	0	2017/12/25  07:55:41
44393	1	00060011	          	33	0	2017/12/25  07:56:25
44394	1	00056027	          	33	0	2017/12/25  07:58:52
44395	1	00058004	          	33	0	2017/12/25  08:01:19
44396	1	00056016	          	33	0	2017/12/25  08:01:24
44397	1	00056008	          	33	0	2017/12/25  17:03:02
44398	1	00060011	          	33	0	2017/12/25  17:05:55
44399	1	00056038	          	33	0	2017/12/25  18:02:56
44400	1	00056007	          	33	0	2017/12/25  20:00:02
44401	1	00056022	          	33	0	2017/12/25  20:00:09
44402	1	00060010	          	33	0	2017/12/25  20:00:16
44403	1	00056009	          	33	0	2017/12/25  20:00:24
44404	1	00059007	          	33	0	2017/12/25  20:00:29
44405	1	00059007	          	33	0	2017/12/25  20:00:30
44406	1	00059010	          	33	0	2017/12/25  20:00:34
44407	1	00058001	          	33	0	2017/12/25  20:00:36
44408	1	00056010	          	33	0	2017/12/25  20:00:41
44409	1	00058004	          	33	0	2017/12/25  20:00:45
44410	1	00060006	          	33	0	2017/12/25  20:00:57
44411	1	00056016	          	33	0	2017/12/25  20:01:16
44412	1	00056027	          	33	0	2017/12/25  20:02:16
44413	1	00057001	          	33	0	2017/12/25  20:08:45
44414	1	00060013	          	33	0	2017/12/25  20:13:39
44415	1	00060012	          	33	0	2017/12/25  20:13:49
44416	1	00056031	          	33	0	2017/12/25  20:19:39
44417	1	00056001	          	33	0	2017/12/25  20:19:53
44418	1	00058001	          	33	0	2017/12/26  07:08:33
44419	1	00057001	          	33	0	2017/12/26  07:14:03
44420	1	00060006	          	33	0	2017/12/26  07:18:09
44421	1	00060010	          	33	0	2017/12/26  07:26:01
44422	1	00056031	          	33	0	2017/12/26  07:31:10
44423	1	00056010	          	33	0	2017/12/26  07:32:39
44424	1	00056008	          	33	0	2017/12/26  07:32:42
44425	1	00056009	          	33	0	2017/12/26  07:33:58
44426	1	00060013	          	33	0	2017/12/26  07:36:41
44427	1	00059010	          	33	0	2017/12/26  07:44:53
44428	1	00059003	          	33	0	2017/12/26  07:44:59
44429	1	00056038	          	33	0	2017/12/26  07:50:24
44430	1	00060012	          	33	0	2017/12/26  07:53:27
44431	1	00059007	          	33	0	2017/12/26  07:53:29
44432	1	00059007	          	33	0	2017/12/26  07:53:30
44433	1	00056001	          	33	0	2017/12/26  07:55:13
44434	1	00060011	          	33	0	2017/12/26  07:59:53
44435	1	00056007	          	33	0	2017/12/26  08:00:25
44436	1	00056022	          	33	0	2017/12/26  08:00:28
44437	1	00056022	          	33	0	2017/12/26  08:00:36
44438	1	00056027	          	33	0	2017/12/26  08:02:13
44439	1	00056016	          	33	0	2017/12/26  08:05:33
44440	1	00058004	          	33	0	2017/12/26  08:22:29
44441	1	00056009	          	33	0	2017/12/26  17:12:30
44442	1	00056010	          	33	0	2017/12/26  17:16:21
44443	1	00059007	          	33	0	2017/12/26  17:16:25
44444	1	00059007	          	33	0	2017/12/26  17:16:26
44445	1	00059003	          	33	0	2017/12/26  17:22:15
44446	1	00060006	          	33	0	2017/12/26  17:25:41
44447	1	00056007	          	33	0	2017/12/26  17:26:24
44448	1	00056022	          	33	0	2017/12/26  17:26:34
44449	1	00056022	          	33	0	2017/12/26  17:26:35
44450	1	00060011	          	33	0	2017/12/26  17:28:30
44451	1	00059010	          	33	0	2017/12/26  17:33:18
44452	1	00058001	          	33	0	2017/12/26  17:34:57
44453	1	00056038	          	33	0	2017/12/26  17:40:05
44454	1	00056016	          	33	0	2017/12/26  17:45:15
44455	1	00058004	          	33	0	2017/12/26  17:47:53
44456	1	00060010	          	33	0	2017/12/26  17:48:26
44457	1	00056027	          	33	0	2017/12/26  17:56:59
44458	1	00056038	          	33	0	2017/12/26  18:01:45
44459	1	00060013	          	33	0	2017/12/26  18:39:54
44460	1	00060012	          	33	0	2017/12/26  18:40:12
44461	1	00056031	          	33	0	2017/12/26  18:41:52
44462	1	00057001	          	33	0	2017/12/26  18:51:25
44463	1	00060006	          	33	0	2017/12/27  07:24:52
44464	1	00056031	          	33	0	2017/12/27  07:27:21
44465	1	00059003	          	33	0	2017/12/27  07:27:51
44466	1	00056001	          	33	0	2017/12/27  07:32:13
44467	1	00060015	          	33	0	2017/12/27  07:34:58
44468	1	00056010	          	33	0	2017/12/27  07:35:34
44469	1	00060013	          	33	0	2017/12/27  07:38:51
44470	1	00060010	          	33	0	2017/12/27  07:41:06
44471	1	00056008	          	33	0	2017/12/27  07:45:02
44472	1	00058004	          	33	0	2017/12/27  07:47:12
44473	1	00058004	          	33	0	2017/12/27  07:50:00
44474	1	00056038	          	33	0	2017/12/27  07:51:31
44475	1	00058003	          	33	0	2017/12/27  07:53:08
44476	1	00060012	          	33	0	2017/12/27  07:57:10
44477	1	00059007	          	33	0	2017/12/27  07:57:16
44478	1	00059007	          	33	0	2017/12/27  07:57:17
44479	1	00059007	          	33	0	2017/12/27  07:57:18
44480	1	00056022	          	33	0	2017/12/27  07:59:25
44481	1	00056022	          	33	0	2017/12/27  07:59:26
44482	1	00056007	          	33	0	2017/12/27  07:59:30
44483	1	00059010	          	33	0	2017/12/27  08:07:08
44484	1	00056027	          	33	0	2017/12/27  08:10:04
44485	1	00056016	          	33	0	2017/12/27  08:10:09
44486	1	00056031	          	33	0	2017/12/27  17:06:26
44487	1	00060015	          	33	0	2017/12/27  17:15:54
44488	1	00056038	          	33	0	2017/12/27  17:19:50
44489	1	00059007	          	33	0	2017/12/27  17:30:03
44490	1	00059007	          	33	0	2017/12/27  17:30:03
44491	1	00060010	          	33	0	2017/12/27  17:30:13
44492	1	00056007	          	33	0	2017/12/27  17:30:46
44493	1	00056010	          	33	0	2017/12/27  17:31:17
44494	1	00060006	          	33	0	2017/12/27  17:32:22
44495	1	00059003	          	33	0	2017/12/27  17:32:28
44496	1	00058004	          	33	0	2017/12/27  17:34:20
44497	1	00059010	          	33	0	2017/12/27  17:36:32
44498	1	00056016	          	33	0	2017/12/27  17:36:36
44499	1	00056022	          	33	0	2017/12/27  17:38:13
44500	1	00056008	          	33	0	2017/12/27  17:38:57
44501	1	00056027	          	33	0	2017/12/27  17:41:28
44502	1	00060012	          	33	0	2017/12/27  17:48:05
44503	1	00060013	          	33	0	2017/12/27  18:32:15
44504	1	00057001	          	33	0	2017/12/27  18:48:46
44505	1	00056031	          	33	0	2017/12/28  07:22:37
44506	1	00057001	          	33	0	2017/12/28  07:24:15
44507	1	00056010	          	33	0	2017/12/28  07:28:45
44508	1	00060010	          	33	0	2017/12/28  07:29:24
44509	1	00056038	          	33	0	2017/12/28  07:29:31
44510	1	00060006	          	33	0	2017/12/28  07:30:15
44511	1	00060013	          	33	0	2017/12/28  07:32:40
44512	1	00056008	          	33	0	2017/12/28  07:33:21
44513	1	00059010	          	33	0	2017/12/28  07:33:40
44514	1	00056022	          	33	0	2017/12/28  07:39:47
44515	1	00056022	          	33	0	2017/12/28  07:39:48
44516	1	00056007	          	33	0	2017/12/28  07:39:59
44517	1	00056008	          	33	0	2017/12/28  07:43:01
44518	1	00056007	          	33	0	2017/12/28  07:43:10
44519	1	00056001	          	33	0	2017/12/28  07:45:59
44520	1	00059007	          	33	0	2017/12/28  07:52:47
44521	1	00059007	          	33	0	2017/12/28  07:52:48
44522	1	00059007	          	33	0	2017/12/28  07:52:49
44523	1	00059007	          	33	0	2017/12/28  07:52:50
44524	1	00060015	          	33	0	2017/12/28  07:53:14
44525	1	00056027	          	33	0	2017/12/28  07:57:29
44526	1	00060012	          	33	0	2017/12/28  07:58:33
44527	1	00056016	          	33	0	2017/12/28  07:58:42
44528	1	00058004	          	33	0	2017/12/28  08:02:09
44529	1	00060011	          	33	0	2017/12/28  08:05:25
44530	1	00059003	          	33	0	2017/12/28  08:40:00
44531	1	00059003	          	33	0	2017/12/28  15:59:16
44532	1	00056022	          	33	0	2017/12/28  16:00:27
44533	1	00060010	          	33	0	2017/12/28  16:00:32
44534	1	00056027	          	33	0	2017/12/28  16:00:35
44535	1	00059007	          	33	0	2017/12/28  16:00:42
44536	1	00059007	          	33	0	2017/12/28  16:00:43
44537	1	00059007	          	33	0	2017/12/28  16:00:44
44538	1	00056010	          	33	0	2017/12/28  16:00:47
44539	1	00060006	          	33	0	2017/12/28  16:00:56
44540	1	00056016	          	33	0	2017/12/28  16:02:19
44541	1	00056007	          	33	0	2017/12/28  16:02:26
44542	1	00059010	          	33	0	2017/12/28  16:02:47
44543	1	00056008	          	33	0	2017/12/28  16:09:21
44544	1	00058004	          	33	0	2017/12/28  16:11:00
44545	1	00060011	          	33	0	2017/12/28  16:13:51
44546	1	00056038	          	33	0	2017/12/28  16:18:21
44547	1	00060015	          	33	0	2017/12/28  16:26:26
44548	1	00056031	          	33	0	2017/12/28  16:27:22
44549	1	00060013	          	33	0	2017/12/28  16:27:34
44550	1	00056001	          	33	0	2017/12/28  16:31:38
44551	1	00058001	          	33	0	2018/01/03  06:48:48
44552	1	00056031	          	33	0	2018/01/03  07:15:03
44553	1	00056009	          	33	0	2018/01/03  07:28:01
44554	1	00056001	          	33	0	2018/01/03  07:34:53
44555	1	00059003	          	33	0	2018/01/03  07:37:30
44556	1	00060006	          	33	0	2018/01/03  07:38:51
44557	1	00060013	          	33	0	2018/01/03  07:41:05
44558	1	00056038	          	33	0	2018/01/03  07:41:28
44559	1	00060015	          	33	0	2018/01/03  07:42:07
44560	1	00060010	          	33	0	2018/01/03  07:44:55
44561	1	00059007	          	33	0	2018/01/03  07:47:00
44562	1	00059007	          	33	0	2018/01/03  07:47:01
44563	1	00056038	          	33	0	2018/01/03  07:47:28
44564	1	00056038	          	33	0	2018/01/03  07:48:01
44565	1	00056007	          	33	0	2018/01/03  07:48:07
44566	1	00056022	          	33	0	2018/01/03  07:48:15
44567	1	00056007	          	33	0	2018/01/03  07:48:17
44568	1	00056022	          	33	0	2018/01/03  07:48:29
44569	1	00056022	          	33	0	2018/01/03  07:48:30
44570	1	00058004	          	33	0	2018/01/03  07:53:39
44571	1	00060012	          	33	0	2018/01/03  07:54:02
44572	1	00060011	          	33	0	2018/01/03  07:54:46
44573	1	00059010	          	33	0	2018/01/03  07:55:52
44574	1	00057001	          	33	0	2018/01/03  07:55:59
44575	1	00056027	          	33	0	2018/01/03  07:56:23
44576	1	00056016	          	33	0	2018/01/03  07:58:30
44577	1	00061001	          	33	0	2018/01/03  08:47:41
44578	1	00061001	          	33	0	2018/01/03  08:48:17
44579	1	00059003	          	33	0	2018/01/03  17:00:42
44580	1	00060010	          	33	0	2018/01/03  17:00:47
44581	1	00056022	          	33	0	2018/01/03  17:01:25
44582	1	00058001	          	33	0	2018/01/03  17:03:29
44583	1	00060006	          	33	0	2018/01/03  17:03:50
44584	1	00056031	          	33	0	2018/01/03  17:04:21
44585	1	00056009	          	33	0	2018/01/03  17:04:32
44586	1	00056007	          	33	0	2018/01/03  17:04:56
44587	1	00060011	          	33	0	2018/01/03  17:05:00
44588	1	00059007	          	33	0	2018/01/03  17:05:05
44589	1	00059007	          	33	0	2018/01/03  17:05:06
44590	1	00059010	          	33	0	2018/01/03  17:05:59
44591	1	00060015	          	33	0	2018/01/03  17:08:12
44592	1	00061001	          	33	0	2018/01/03  17:08:20
44593	1	00058004	          	33	0	2018/01/03  17:09:55
44594	1	00060012	          	33	0	2018/01/03  17:10:35
44595	1	00060013	          	33	0	2018/01/03  17:11:07
44596	1	00056016	          	33	0	2018/01/03  17:11:24
44597	1	00056001	          	33	0	2018/01/03  17:17:16
44598	1	00056027	          	33	0	2018/01/03  17:18:30
44599	1	00057001	          	33	0	2018/01/03  18:30:29
44600	1	00056038	          	33	0	2018/01/03  18:30:50
44601	1	00058001	          	33	0	2018/01/04  06:53:16
44602	1	00058004	          	33	0	2018/01/04  07:08:52
44603	1	00060006	          	33	0	2018/01/04  07:26:20
44604	1	00056031	          	33	0	2018/01/04  07:26:50
44605	1	00061001	          	33	0	2018/01/04  07:31:04
44606	1	00056009	          	33	0	2018/01/04  07:32:00
44607	1	00059003	          	33	0	2018/01/04  07:32:40
44608	1	00057001	          	33	0	2018/01/04  07:32:53
44609	1	00060013	          	33	0	2018/01/04  07:37:28
44610	1	00060010	          	33	0	2018/01/04  07:37:38
44611	1	00060015	          	33	0	2018/01/04  07:38:07
44612	1	00056038	          	33	0	2018/01/04  07:41:42
44613	1	00060012	          	33	0	2018/01/04  07:44:10
44614	1	00059010	          	33	0	2018/01/04  07:50:33
44615	1	00059007	          	33	0	2018/01/04  07:53:14
44616	1	00059007	          	33	0	2018/01/04  07:53:15
44617	1	00059007	          	33	0	2018/01/04  07:53:16
44618	1	00056007	          	33	0	2018/01/04  07:53:28
44619	1	00056022	          	33	0	2018/01/04  07:53:29
44620	1	00056022	          	33	0	2018/01/04  07:53:30
44621	1	00060011	          	33	0	2018/01/04  07:59:56
44622	1	00056027	          	33	0	2018/01/04  08:05:29
44623	1	00056016	          	33	0	2018/01/04  08:05:31
44624	1	00060010	          	33	0	2018/01/04  17:00:19
44625	1	00059003	          	33	0	2018/01/04  17:01:05
44626	1	00056009	          	33	0	2018/01/04  17:02:50
44627	1	00059007	          	33	0	2018/01/04  17:03:06
44628	1	00060006	          	33	0	2018/01/04  17:03:19
44629	1	00056027	          	33	0	2018/01/04  17:04:16
44630	1	00056007	          	33	0	2018/01/04  17:04:24
44631	1	00058001	          	33	0	2018/01/04  17:04:33
44632	1	00056022	          	33	0	2018/01/04  17:05:46
44633	1	00056016	          	33	0	2018/01/04  17:08:21
44634	1	00058004	          	33	0	2018/01/04  17:08:28
44635	1	00060011	          	33	0	2018/01/04  17:12:17
44636	1	00059010	          	33	0	2018/01/04  17:13:37
44637	1	00059010	          	33	0	2018/01/04  17:16:41
44638	1	00060013	          	33	0	2018/01/04  17:24:33
44639	1	00061001	          	33	0	2018/01/04  17:24:36
44640	1	00060015	          	33	0	2018/01/04  17:24:40
44641	1	00056027	          	33	0	2018/01/04  17:31:49
44642	1	00056031	          	33	0	2018/01/04  17:36:59
44643	1	00060012	          	33	0	2018/01/04  17:39:16
44644	1	00057001	          	33	0	2018/01/04  18:57:45
44645	1	00056038	          	33	0	2018/01/04  19:00:12
44646	1	00056038	          	33	0	2018/01/04  19:00:13
44647	1	00058001	          	33	0	2018/01/05  06:39:07
44648	1	00056031	          	33	0	2018/01/05  07:10:14
44649	1	00056008	          	33	0	2018/01/05  07:14:35
44650	1	00057001	          	33	0	2018/01/05  07:21:36
44651	1	00056010	          	33	0	2018/01/05  07:26:40
44652	1	00056009	          	33	0	2018/01/05  07:26:59
44653	1	00060013	          	33	0	2018/01/05  07:34:46
44654	1	00060010	          	33	0	2018/01/05  07:36:28
44655	1	00060006	          	33	0	2018/01/05  07:36:59
44656	1	00056038	          	33	0	2018/01/05  07:37:38
44657	1	00061001	          	33	0	2018/01/05  07:39:13
44658	1	00059007	          	33	0	2018/01/05  07:47:28
44659	1	00059007	          	33	0	2018/01/05  07:47:29
44660	1	00059010	          	33	0	2018/01/05  07:49:36
44661	1	00059003	          	33	0	2018/01/05  07:51:47
44662	1	00060012	          	33	0	2018/01/05  07:52:55
44663	1	00056022	          	33	0	2018/01/05  07:53:42
44664	1	00056001	          	33	0	2018/01/05  07:54:05
44665	1	00056027	          	33	0	2018/01/05  08:00:25
44666	1	00058004	          	33	0	2018/01/05  08:02:18
44667	1	00056016	          	33	0	2018/01/05  08:04:49
44668	1	00060011	          	33	0	2018/01/05  08:07:04
44669	1	00058004	          	33	0	2018/01/05  17:01:46
44670	1	00059010	          	33	0	2018/01/05  17:01:55
44671	1	00056038	          	33	0	2018/01/05  17:02:02
44672	1	00059003	          	33	0	2018/01/05  17:02:06
44673	1	00056022	          	33	0	2018/01/05  17:02:12
44674	1	00056022	          	33	0	2018/01/05  17:02:13
44675	1	00060006	          	33	0	2018/01/05  17:02:18
44676	1	00056009	          	33	0	2018/01/05  17:02:51
44677	1	00056008	          	33	0	2018/01/05  17:03:19
44678	1	00061001	          	33	0	2018/01/05  17:04:09
44679	1	00060010	          	33	0	2018/01/05  17:04:41
44680	1	00056010	          	33	0	2018/01/05  17:04:59
44681	1	00059007	          	33	0	2018/01/05  17:05:19
44682	1	00059007	          	33	0	2018/01/05  17:05:20
44683	1	00056016	          	33	0	2018/01/05  17:05:51
44684	1	00058001	          	33	0	2018/01/05  17:06:41
44685	1	00056016	          	33	0	2018/01/05  17:11:44
44686	1	00056001	          	33	0	2018/01/05  17:32:11
44687	1	00060011	          	33	0	2018/01/05  17:34:19
44688	1	00060013	          	33	0	2018/01/05  18:32:47
44689	1	00057001	          	33	0	2018/01/05  18:55:18
44690	1	00056031	          	33	0	2018/01/05  19:02:00
44691	1	00056027	          	33	0	2018/01/05  19:02:06
44692	1	00060012	          	33	0	2018/01/05  19:02:11
44693	1	00058001	          	33	0	2018/01/06  06:56:16
44694	1	00057001	          	33	0	2018/01/06  07:22:44
44695	1	00060010	          	33	0	2018/01/06  07:26:01
44696	1	00056031	          	33	0	2018/01/06  07:28:27
44697	1	00060006	          	33	0	2018/01/06  07:30:21
44698	1	00056010	          	33	0	2018/01/06  07:32:05
44699	1	00056009	          	33	0	2018/01/06  07:32:10
44700	1	00056009	          	33	0	2018/01/06  07:32:11
44701	1	00060013	          	33	0	2018/01/06  07:33:43
44702	1	00059010	          	33	0	2018/01/06  07:43:19
44703	1	00056038	          	33	0	2018/01/06  07:44:11
44704	1	00056038	          	33	0	2018/01/06  07:44:12
44705	1	00060012	          	33	0	2018/01/06  07:55:49
44706	1	00059007	          	33	0	2018/01/06  07:58:22
44707	1	00059007	          	33	0	2018/01/06  07:58:23
44708	1	00056007	          	33	0	2018/01/06  08:02:31
44709	1	00056027	          	33	0	2018/01/06  08:09:20
44710	1	00056016	          	33	0	2018/01/06  08:10:13
44711	1	00058004	          	33	0	2018/01/06  09:45:01
44712	1	00058004	          	33	0	2018/01/06  09:46:21
44713	1	00060010	          	33	0	2018/01/06  17:00:01
44714	1	00056038	          	33	0	2018/01/06  17:00:09
44715	1	00058004	          	33	0	2018/01/06  17:00:38
44716	1	00058004	          	33	0	2018/01/06  17:00:53
44717	1	00056009	          	33	0	2018/01/06  17:01:08
44718	1	00056010	          	33	0	2018/01/06  17:01:14
44719	1	00056016	          	33	0	2018/01/06  17:01:52
44720	1	00060006	          	33	0	2018/01/06  17:02:04
44721	1	00058001	          	33	0	2018/01/06  17:02:07
44722	1	00059007	          	33	0	2018/01/06  17:02:18
44723	1	00059007	          	33	0	2018/01/06  17:02:19
44724	1	00056007	          	33	0	2018/01/06  17:02:39
44725	1	00060012	          	33	0	2018/01/06  17:03:20
44726	1	00058001	          	33	0	2018/01/06  17:03:48
44727	1	00057001	          	33	0	2018/01/06  17:04:12
44728	1	00056027	          	33	0	2018/01/06  17:05:38
44729	1	00056031	          	33	0	2018/01/06  17:05:58
44730	1	00056031	          	33	0	2018/01/06  17:07:10
44731	1	00060013	          	33	0	2018/01/06  17:07:58
44732	1	00059010	          	33	0	2018/01/06  17:08:18
44733	1	00060012	          	33	0	2018/01/07  07:59:38
44734	1	00056008	          	33	0	2018/01/07  08:33:20
44735	1	00060012	          	33	0	2018/01/07  15:00:11
44736	1	00056008	          	33	0	2018/01/07  15:01:55
44737	1	00056027	          	33	0	2018/01/07  15:04:17
44738	1	00058001	          	33	0	2018/01/08  07:04:47
44739	1	00057001	          	33	0	2018/01/08  07:12:21
44740	1	00056031	          	33	0	2018/01/08  07:14:32
44741	1	00056010	          	33	0	2018/01/08  07:17:31
44742	1	00056009	          	33	0	2018/01/08  07:18:00
44743	1	00056009	          	33	0	2018/01/08  07:18:01
44744	1	00056001	          	33	0	2018/01/08  07:30:01
44745	1	00060006	          	33	0	2018/01/08  07:34:03
44746	1	00061001	          	33	0	2018/01/08  07:37:31
44747	1	00060013	          	33	0	2018/01/08  07:41:28
44748	1	00060010	          	33	0	2018/01/08  07:41:44
44749	1	00056038	          	33	0	2018/01/08  07:46:29
44750	1	00056007	          	33	0	2018/01/08  07:48:13
44751	1	00056007	          	33	0	2018/01/08  07:48:15
44752	1	00060015	          	33	0	2018/01/08  07:49:44
44753	1	00059003	          	33	0	2018/01/08  07:50:03
44754	1	00060012	          	33	0	2018/01/08  07:50:50
44755	1	00059010	          	33	0	2018/01/08  07:53:44
44756	1	00060011	          	33	0	2018/01/08  07:54:36
44757	1	00056016	          	33	0	2018/01/08  08:10:23
44758	1	00056027	          	33	0	2018/01/08  08:22:12
44759	1	00060010	          	33	0	2018/01/08  17:00:49
44760	1	00056010	          	33	0	2018/01/08  17:02:00
44761	1	00061001	          	33	0	2018/01/08  17:03:30
44762	1	00059003	          	33	0	2018/01/08  17:04:32
44763	1	00059003	          	33	0	2018/01/08  17:04:38
44764	1	00056016	          	33	0	2018/01/08  17:06:56
44765	1	00060011	          	33	0	2018/01/08  17:09:05
44766	1	00056007	          	33	0	2018/01/08  17:09:29
44767	1	00059010	          	33	0	2018/01/08  17:09:47
44768	1	00059010	          	33	0	2018/01/08  17:09:48
44769	1	00056009	          	33	0	2018/01/08  17:09:55
44770	1	00056009	          	33	0	2018/01/08  17:09:56
44771	1	00058001	          	33	0	2018/01/08  17:13:46
44772	1	00056038	          	33	0	2018/01/08  17:15:31
44773	1	00059010	          	33	0	2018/01/08  17:16:58
44774	1	00060006	          	33	0	2018/01/08  17:21:05
44775	1	00056027	          	33	0	2018/01/08  17:24:01
44776	1	00056008	          	33	0	2018/01/08  17:25:44
44777	1	00060013	          	33	0	2018/01/08  18:07:41
44778	1	00060012	          	33	0	2018/01/08  18:09:46
44779	1	00056031	          	33	0	2018/01/08  18:11:25
44780	1	00057001	          	33	0	2018/01/08  19:21:48
44781	1	00056001	          	33	0	2018/01/08  19:25:11
44782	1	00058001	          	33	0	2018/01/09  06:48:44
44783	1	00057001	          	33	0	2018/01/09  07:00:16
44784	1	00057001	          	33	0	2018/01/09  07:11:22
44785	1	00056001	          	33	0	2018/01/09  07:16:03
44786	1	00056010	          	33	0	2018/01/09  07:18:06
44787	1	00056009	          	33	0	2018/01/09  07:18:19
44788	1	00056009	          	33	0	2018/01/09  07:18:20
44789	1	00056031	          	33	0	2018/01/09  07:24:24
44790	1	00060006	          	33	0	2018/01/09  07:27:13
44791	1	00060013	          	33	0	2018/01/09  07:35:47
44792	1	00060010	          	33	0	2018/01/09  07:36:01
44793	1	00061001	          	33	0	2018/01/09  07:41:58
44794	1	00059003	          	33	0	2018/01/09  07:42:37
44795	1	00056038	          	33	0	2018/01/09  07:42:45
44796	1	00060015	          	33	0	2018/01/09  07:43:43
44797	1	00056007	          	33	0	2018/01/09  07:48:16
44798	1	00060011	          	33	0	2018/01/09  07:51:40
44799	1	00056007	          	33	0	2018/01/09  07:52:23
44800	1	00056008	          	33	0	2018/01/09  07:56:30
44801	1	00060012	          	33	0	2018/01/09  07:56:43
44802	1	00058004	          	33	0	2018/01/09  07:57:04
44803	1	00059010	          	33	0	2018/01/09  08:03:41
44804	1	00056016	          	33	0	2018/01/09  08:12:24
44805	1	00060010	          	33	0	2018/01/09  17:10:19
44806	1	00058004	          	33	0	2018/01/09  17:12:03
44807	1	00061001	          	33	0	2018/01/09  17:12:17
44808	1	00059003	          	33	0	2018/01/09  17:13:10
44809	1	00058004	          	33	0	2018/01/09  17:13:20
44810	1	00056010	          	33	0	2018/01/09  17:15:21
44811	1	00056009	          	33	0	2018/01/09  17:16:16
44812	1	00058001	          	33	0	2018/01/09  17:17:43
44813	1	00060006	          	33	0	2018/01/09  17:17:52
44814	1	00056016	          	33	0	2018/01/09  17:19:18
44815	1	00059010	          	33	0	2018/01/09  17:20:05
44816	1	00060015	          	33	0	2018/01/09  17:23:51
44817	1	00059010	          	33	0	2018/01/09  17:25:08
44818	1	00056007	          	33	0	2018/01/09  17:25:28
44819	1	00060011	          	33	0	2018/01/09  17:25:42
44820	1	00060015	          	33	0	2018/01/09  17:28:31
44821	1	00056008	          	33	0	2018/01/09  17:29:03
44822	1	00056038	          	33	0	2018/01/09  18:05:18
44823	1	00060012	          	33	0	2018/01/09  18:27:05
44824	1	00056031	          	33	0	2018/01/09  18:31:37
44825	1	00060013	          	33	0	2018/01/09  19:31:50
44826	1	00057001	          	33	0	2018/01/09  19:32:33
44827	1	00057001	          	33	0	2018/01/10  06:57:07
44828	1	00058001	          	33	0	2018/01/10  07:13:33
44829	1	00056031	          	33	0	2018/01/10  07:24:05
44830	1	00060013	          	33	0	2018/01/10  07:35:01
44831	1	00060006	          	33	0	2018/01/10  07:36:26
44832	1	00056016	          	33	0	2018/01/10  07:38:10
44833	1	00061001	          	33	0	2018/01/10  07:43:03
44834	1	00056010	          	33	0	2018/01/10  07:43:43
44835	1	00056009	          	33	0	2018/01/10  07:45:00
44836	1	00056038	          	33	0	2018/01/10  07:46:19
44837	1	00060012	          	33	0	2018/01/10  08:05:24
44838	1	00060010	          	33	0	2018/01/10  08:09:40
44839	1	00059003	          	33	0	2018/01/10  08:19:33
44840	1	00056027	          	33	0	2018/01/10  08:30:32
44841	1	00060015	          	33	0	2018/01/10  08:34:45
44842	1	00059007	          	33	0	2018/01/10  08:48:48
44843	1	00059007	          	33	0	2018/01/10  08:48:49
44844	1	00059007	          	33	0	2018/01/10  08:48:50
44845	1	00058004	          	33	0	2018/01/10  08:50:55
44846	1	00059010	          	33	0	2018/01/10  09:02:36
44847	1	00056008	          	33	0	2018/01/10  09:03:38
44848	1	00060006	          	33	0	2018/01/10  17:01:52
44849	1	00056010	          	33	0	2018/01/10  17:03:34
44850	1	00061001	          	33	0	2018/01/10  17:04:58
44851	1	00059007	          	33	0	2018/01/10  17:10:02
44852	1	00059007	          	33	0	2018/01/10  17:10:03
44853	1	00056009	          	33	0	2018/01/10  17:11:19
44854	1	00056009	          	33	0	2018/01/10  17:11:26
44855	1	00058004	          	33	0	2018/01/10  17:30:05
44856	1	00060015	          	33	0	2018/01/10  18:01:18
44857	1	00056038	          	33	0	2018/01/10  18:04:17
44858	1	00056027	          	33	0	2018/01/10  19:03:48
44859	1	00060010	          	33	0	2018/01/10  19:03:58
44860	1	00059003	          	33	0	2018/01/10  19:04:50
44861	1	00060012	          	33	0	2018/01/10  19:07:03
44862	1	00056016	          	33	0	2018/01/10  19:07:08
44863	1	00056008	          	33	0	2018/01/10  19:07:30
44864	1	00058001	          	33	0	2018/01/10  19:08:24
44865	1	00056016	          	33	0	2018/01/10  19:10:09
44866	1	00059010	          	33	0	2018/01/10  19:12:09
44867	1	00056001	          	33	0	2018/01/10  19:13:19
44868	1	00056001	          	33	0	2018/01/10  19:13:22
44869	1	00059010	          	33	0	2018/01/10  19:13:50
44870	1	00056031	          	33	0	2018/01/10  19:16:17
44871	1	00060013	          	33	0	2018/01/10  19:38:47
44872	1	00057001	          	33	0	2018/01/10  19:39:55
44873	1	00058001	          	33	0	2018/01/11  06:53:43
44874	1	00058001	          	33	0	2018/01/11  06:53:58
44875	1	00057001	          	33	0	2018/01/11  06:58:06
44876	1	00060006	          	33	0	2018/01/11  07:25:25
44877	1	00056010	          	33	0	2018/01/11  07:25:51
44878	1	00056009	          	33	0	2018/01/11  07:26:14
44879	1	00056031	          	33	0	2018/01/11  07:28:20
44880	1	00056010	          	33	0	2018/01/11  07:30:19
44881	1	00060013	          	33	0	2018/01/11  07:37:56
44882	1	00060010	          	33	0	2018/01/11  07:43:12
44883	1	00056038	          	33	0	2018/01/11  07:46:10
44884	1	00056038	          	33	0	2018/01/11  07:47:15
44885	1	00056007	          	33	0	2018/01/11  07:50:42
44886	1	00056022	          	33	0	2018/01/11  07:50:47
44887	1	00061001	          	33	0	2018/01/11  07:50:51
44888	1	00056001	          	33	0	2018/01/11  07:50:55
44889	1	00059003	          	33	0	2018/01/11  07:52:45
44890	1	00060015	          	33	0	2018/01/11  07:53:10
44891	1	00056027	          	33	0	2018/01/11  07:56:21
44892	1	00060012	          	33	0	2018/01/11  07:58:48
44893	1	00060011	          	33	0	2018/01/11  08:00:53
44894	1	00059007	          	33	0	2018/01/11  08:01:37
44895	1	00059007	          	33	0	2018/01/11  08:01:38
44896	1	00059007	          	33	0	2018/01/11  08:01:39
44897	1	00059007	          	33	0	2018/01/11  08:01:46
44898	1	00059007	          	33	0	2018/01/11  08:01:47
44899	1	00059010	          	33	0	2018/01/11  08:03:07
44900	1	00056016	          	33	0	2018/01/11  08:03:35
44901	1	00058004	          	33	0	2018/01/11  08:18:05
44902	1	00059003	          	33	0	2018/01/11  17:00:54
44903	1	00056007	          	33	0	2018/01/11  17:02:00
44904	1	00056027	          	33	0	2018/01/11  17:09:37
44905	1	00061001	          	33	0	2018/01/11  17:09:58
44906	1	00056007	          	33	0	2018/01/11  17:11:10
44907	1	00056038	          	33	0	2018/01/11  17:13:16
44908	1	00056016	          	33	0	2018/01/11  17:13:30
44909	1	00058004	          	33	0	2018/01/11  17:17:43
44910	1	00056016	          	33	0	2018/01/11  17:17:59
44911	1	00060010	          	33	0	2018/01/11  17:19:14
44912	1	00060013	          	33	0	2018/01/11  17:19:56
44913	1	00058001	          	33	0	2018/01/11  17:20:22
44914	1	00060012	          	33	0	2018/01/11  17:20:51
44915	1	00059010	          	33	0	2018/01/11  17:21:02
44916	1	00056010	          	33	0	2018/01/11  17:30:39
44917	1	00060011	          	33	0	2018/01/11  17:31:52
44918	1	00056022	          	33	0	2018/01/11  17:32:03
44919	1	00056022	          	33	0	2018/01/11  17:32:04
44920	1	00060006	          	33	0	2018/01/11  17:32:29
44921	1	00059007	          	33	0	2018/01/11  17:33:30
44922	1	00056009	          	33	0	2018/01/11  17:35:20
44923	1	00056009	          	33	0	2018/01/11  17:35:21
44924	1	00060015	          	33	0	2018/01/11  17:40:04
44925	1	00056031	          	33	0	2018/01/11  17:42:54
44926	1	00060015	          	33	0	2018/01/11  17:42:57
44927	1	00056001	          	33	0	2018/01/11  18:18:39
44928	1	00056001	          	33	0	2018/01/11  18:18:42
44929	1	00057001	          	33	0	2018/01/11  18:41:49
44930	1	00057001	          	33	0	2018/01/12  06:54:17
44931	1	00056010	          	33	0	2018/01/12  07:21:24
44932	1	00056031	          	33	0	2018/01/12  07:22:20
44933	1	00056010	          	33	0	2018/01/12  07:22:41
44934	1	00060006	          	33	0	2018/01/12  07:26:06
44935	1	00057001	          	33	0	2018/01/12  07:27:28
44936	1	00060013	          	33	0	2018/01/12  07:33:40
44937	1	00060010	          	33	0	2018/01/12  07:39:12
44938	1	00061001	          	33	0	2018/01/12  07:41:38
44939	1	00060015	          	33	0	2018/01/12  07:43:36
44940	1	00056001	          	33	0	2018/01/12  07:43:42
44941	1	00056038	          	33	0	2018/01/12  07:44:42
44942	1	00056001	          	33	0	2018/01/12  07:46:51
44943	1	00059003	          	33	0	2018/01/12  07:47:35
44944	1	00059007	          	33	0	2018/01/12  07:51:59
44945	1	00059007	          	33	0	2018/01/12  07:52:00
44946	1	00056022	          	33	0	2018/01/12  07:53:30
44947	1	00056008	          	33	0	2018/01/12  07:54:20
44948	1	00056007	          	33	0	2018/01/12  07:55:33
44949	1	00056016	          	33	0	2018/01/12  07:57:48
44950	1	00060012	          	33	0	2018/01/12  07:57:52
44951	1	00056027	          	33	0	2018/01/12  07:59:36
44952	1	00060011	          	33	0	2018/01/12  08:00:37
44953	1	00058004	          	33	0	2018/01/12  08:01:27
44954	1	00059010	          	33	0	2018/01/12  08:03:32
44955	1	00056022	          	33	0	2018/01/12  12:00:17
44956	1	00056022	          	33	0	2018/01/12  12:00:18
44957	1	00060012	          	33	0	2018/01/12  17:04:17
44958	1	00060010	          	33	0	2018/01/12  17:04:26
44959	1	00059010	          	33	0	2018/01/12  17:07:29
44960	1	00056010	          	33	0	2018/01/12  17:08:04
44961	1	00060011	          	33	0	2018/01/12  17:11:27
44962	1	00059007	          	33	0	2018/01/12  17:12:04
44963	1	00059007	          	33	0	2018/01/12  17:12:06
44964	1	00059003	          	33	0	2018/01/12  17:12:53
44965	1	00060006	          	33	0	2018/01/12  17:14:34
44966	1	00056007	          	33	0	2018/01/12  17:16:43
44967	1	00061001	          	33	0	2018/01/12  17:18:40
44968	1	00058004	          	33	0	2018/01/12  17:18:53
44969	1	00056016	          	33	0	2018/01/12  17:19:00
44970	1	00056008	          	33	0	2018/01/12  17:31:52
44971	1	00060013	          	33	0	2018/01/12  18:05:52
44972	1	00056027	          	33	0	2018/01/12  18:12:54
44973	1	00056038	          	33	0	2018/01/12  18:21:48
44974	1	00060015	          	33	0	2018/01/12  18:27:38
44975	1	00056031	          	33	0	2018/01/12  18:43:19
44976	1	00056001	          	33	0	2018/01/12  20:12:23
44977	1	00056010	          	33	0	2018/01/13  07:34:48
44978	1	00060006	          	33	0	2018/01/13  07:40:37
44979	1	00060013	          	33	0	2018/01/13  07:43:30
44980	1	00056008	          	33	0	2018/01/13  07:47:28
44981	1	00056027	          	33	0	2018/01/13  07:52:30
44982	1	00059003	          	33	0	2018/01/13  07:56:26
44983	1	00056007	          	33	0	2018/01/13  07:58:16
44984	1	00056016	          	33	0	2018/01/13  08:05:22
44985	1	00060012	          	33	0	2018/01/13  08:08:01
44986	1	00058004	          	33	0	2018/01/13  09:41:24
44987	1	00056010	          	33	0	2018/01/13  17:00:19
44988	1	00060013	          	33	0	2018/01/13  17:00:57
44989	1	00058004	          	33	0	2018/01/13  17:01:25
44990	1	00059003	          	33	0	2018/01/13  17:02:49
44991	1	00056007	          	33	0	2018/01/13  17:03:11
44992	1	00060006	          	33	0	2018/01/13  17:03:15
44993	1	00056016	          	33	0	2018/01/13  17:03:21
44994	1	00056008	          	33	0	2018/01/13  17:04:07
44995	1	00056027	          	33	0	2018/01/13  17:04:50
44996	1	00060012	          	33	0	2018/01/13  17:06:01
44997	1	00056031	          	33	0	2018/01/14  07:40:13
44998	1	00056027	          	33	0	2018/01/14  08:04:55
44999	1	00056027	          	33	0	2018/01/14  13:08:09
45000	1	00056031	          	33	0	2018/01/14  13:30:11
45001	1	00056001	          	33	0	2018/01/15  06:29:39
45002	1	00057001	          	33	0	2018/01/15  06:50:10
45003	1	00058001	          	33	0	2018/01/15  06:52:53
45004	1	00056010	          	33	0	2018/01/15  07:26:38
45005	1	00060006	          	33	0	2018/01/15  07:33:05
45006	1	00059003	          	33	0	2018/01/15  07:36:11
45007	1	00060015	          	33	0	2018/01/15  07:36:14
45008	1	00060010	          	33	0	2018/01/15  07:39:10
45009	1	00056022	          	33	0	2018/01/15  07:42:25
45010	1	00056038	          	33	0	2018/01/15  07:42:39
45011	1	00056009	          	33	0	2018/01/15  07:43:12
45012	1	00060013	          	33	0	2018/01/15  07:45:12
45013	1	00056031	          	33	0	2018/01/15  07:45:16
45014	1	00060012	          	33	0	2018/01/15  07:50:36
45015	1	00056008	          	33	0	2018/01/15  07:50:44
45016	1	00061001	          	33	0	2018/01/15  07:52:41
45017	1	00059010	          	33	0	2018/01/15  07:53:27
45018	1	00056027	          	33	0	2018/01/15  07:57:48
45019	1	00059007	          	33	0	2018/01/15  07:59:18
45020	1	00059007	          	33	0	2018/01/15  07:59:19
45021	1	00059003	          	33	0	2018/01/15  07:59:28
45022	1	00056016	          	33	0	2018/01/15  07:59:32
45023	1	00060011	          	33	0	2018/01/15  08:00:21
45024	1	00058004	          	33	0	2018/01/15  08:00:43
45025	1	00060011	          	33	0	2018/01/15  17:09:05
45026	1	00061001	          	33	0	2018/01/15  17:09:16
45027	1	00056022	          	33	0	2018/01/15  17:10:39
45028	1	00056022	          	33	0	2018/01/15  17:10:40
45029	1	00056010	          	33	0	2018/01/15  17:14:12
45030	1	00056009	          	33	0	2018/01/15  17:15:31
45031	1	00059007	          	33	0	2018/01/15  17:15:51
45032	1	00060015	          	33	0	2018/01/15  17:17:58
45033	1	00059003	          	33	0	2018/01/15  17:18:16
45034	1	00060010	          	33	0	2018/01/15  17:19:08
45035	1	00060006	          	33	0	2018/01/15  17:20:55
45036	1	00059010	          	33	0	2018/01/15  17:24:26
45037	1	00056008	          	33	0	2018/01/15  17:24:39
45038	1	00058004	          	33	0	2018/01/15  17:25:08
45039	1	00058001	          	33	0	2018/01/15  17:25:31
45040	1	00056016	          	33	0	2018/01/15  17:38:37
45041	1	00056016	          	33	0	2018/01/15  17:44:44
45042	1	00060013	          	33	0	2018/01/15  17:45:35
45043	1	00056038	          	33	0	2018/01/15  18:01:19
45044	1	00060012	          	33	0	2018/01/15  18:08:35
45045	1	00060012	          	33	0	2018/01/15  18:34:09
45046	1	00056027	          	33	0	2018/01/15  18:35:51
45047	1	00056031	          	33	0	2018/01/15  18:45:54
45048	1	00057001	          	33	0	2018/01/15  18:59:59
45049	1	00056001	          	33	0	2018/01/15  23:04:10
45050	1	00058001	          	33	0	2018/01/16  06:48:26
45051	1	00056010	          	33	0	2018/01/16  07:12:33
45052	1	00060006	          	33	0	2018/01/16  07:22:49
45053	1	00056031	          	33	0	2018/01/16  07:25:49
45054	1	00060010	          	33	0	2018/01/16  07:26:49
45055	1	00059007	          	33	0	2018/01/16  07:31:23
45056	1	00059007	          	33	0	2018/01/16  07:31:24
45057	1	00059003	          	33	0	2018/01/16  07:31:54
45058	1	00060013	          	33	0	2018/01/16  07:34:26
45059	1	00056009	          	33	0	2018/01/16  07:39:09
45060	1	00056009	          	33	0	2018/01/16  07:39:10
45061	1	00060015	          	33	0	2018/01/16  07:41:21
45062	1	00056038	          	33	0	2018/01/16  07:42:22
45063	1	00056038	          	33	0	2018/01/16  07:42:24
45064	1	00056008	          	33	0	2018/01/16  07:43:23
45065	1	00056038	          	33	0	2018/01/16  07:46:02
45066	1	00056001	          	33	0	2018/01/16  07:48:02
45067	1	00060012	          	33	0	2018/01/16  07:51:25
45068	1	00059010	          	33	0	2018/01/16  07:52:00
45069	1	00061001	          	33	0	2018/01/16  07:53:31
45070	1	00056016	          	33	0	2018/01/16  07:53:35
45071	1	00056022	          	33	0	2018/01/16  07:54:38
45072	1	00056007	          	33	0	2018/01/16  07:56:14
45073	1	00060011	          	33	0	2018/01/16  07:58:18
45074	1	00056027	          	33	0	2018/01/16  07:58:58
45075	1	00056007	          	33	0	2018/01/16  08:11:28
45076	1	00056007	          	33	0	2018/01/16  08:12:20
45077	1	00056001	          	33	0	2018/01/16  08:12:25
45078	1	00059010	          	33	0	2018/01/16  17:04:07
45079	1	00056038	          	33	0	2018/01/16  17:13:28
45080	1	00061001	          	33	0	2018/01/16  17:15:36
45081	1	00060011	          	33	0	2018/01/16  17:18:45
45082	1	00060015	          	33	0	2018/01/16  17:40:05
45083	1	00056007	          	33	0	2018/01/16  18:02:37
45084	1	00059003	          	33	0	2018/01/16  18:03:05
45085	1	00060010	          	33	0	2018/01/16  18:05:42
45086	1	00056008	          	33	0	2018/01/16  18:06:04
45087	1	00056027	          	33	0	2018/01/16  18:06:23
45088	1	00060006	          	33	0	2018/01/16  18:08:15
45089	1	00056010	          	33	0	2018/01/16  18:08:27
45090	1	00056016	          	33	0	2018/01/16  18:08:48
45091	1	00058001	          	33	0	2018/01/16  18:08:55
45092	1	00059007	          	33	0	2018/01/16  18:09:59
45093	1	00059007	          	33	0	2018/01/16  18:10:00
45094	1	00056009	          	33	0	2018/01/16  18:10:45
45095	1	00056009	          	33	0	2018/01/16  18:10:46
45096	1	00060012	          	33	0	2018/01/16  18:13:38
45097	1	00060013	          	33	0	2018/01/16  18:30:07
45098	1	00056031	          	33	0	2018/01/16  19:26:11
45099	1	00057001	          	33	0	2018/01/16  19:37:01
45100	1	00056001	          	33	0	2018/01/16  22:38:40
45101	1	00058001	          	33	0	2018/01/17  06:43:13
45102	1	00057001	          	33	0	2018/01/17  06:51:58
45103	1	00056010	          	33	0	2018/01/17  07:11:03
45104	1	00056031	          	33	0	2018/01/17  07:16:12
45105	1	00060010	          	33	0	2018/01/17  07:23:19
45106	1	00060006	          	33	0	2018/01/17  07:32:58
45107	1	00060013	          	33	0	2018/01/17  07:35:52
45108	1	00059003	          	33	0	2018/01/17  07:37:57
45109	1	00056009	          	33	0	2018/01/17  07:38:17
45110	1	00056009	          	33	0	2018/01/17  07:38:30
45111	1	00056009	          	33	0	2018/01/17  07:38:31
45112	1	00056038	          	33	0	2018/01/17  07:41:49
45113	1	00056038	          	33	0	2018/01/17  07:41:50
45114	1	00060015	          	33	0	2018/01/17  07:42:20
45115	1	00059007	          	33	0	2018/01/17  07:44:28
45116	1	00059007	          	33	0	2018/01/17  07:44:29
45117	1	00056038	          	33	0	2018/01/17  07:47:33
45118	1	00061001	          	33	0	2018/01/17  07:50:22
45119	1	00056008	          	33	0	2018/01/17  07:51:51
45120	1	00056007	          	33	0	2018/01/17  07:53:37
45121	1	00056022	          	33	0	2018/01/17  07:54:29
45122	1	00056022	          	33	0	2018/01/17  07:54:30
45123	1	00059010	          	33	0	2018/01/17  07:56:40
45124	1	00058004	          	33	0	2018/01/17  07:56:48
45125	1	00060012	          	33	0	2018/01/17  07:56:52
45126	1	00056016	          	33	0	2018/01/17  07:59:30
45127	1	00060011	          	33	0	2018/01/17  08:03:42
45128	1	00056027	          	33	0	2018/01/17  08:07:39
45129	1	00056001	          	33	0	2018/01/17  12:06:57
45130	1	00056022	          	33	0	2018/01/17  17:00:18
45131	1	00056022	          	33	0	2018/01/17  17:00:19
45132	1	00060010	          	33	0	2018/01/17  17:02:21
45133	1	00058001	          	33	0	2018/01/17  17:02:36
45134	1	00059003	          	33	0	2018/01/17  17:02:39
45135	1	00056007	          	33	0	2018/01/17  17:02:45
45136	1	00060013	          	33	0	2018/01/17  17:03:29
45137	1	00056009	          	33	0	2018/01/17  17:03:56
45138	1	00056010	          	33	0	2018/01/17  17:04:02
45139	1	00059007	          	33	0	2018/01/17  17:04:10
45140	1	00059007	          	33	0	2018/01/17  17:04:11
45141	1	00059010	          	33	0	2018/01/17  17:04:14
45142	1	00060011	          	33	0	2018/01/17  17:04:50
45143	1	00060012	          	33	0	2018/01/17  17:05:44
45144	1	00061001	          	33	0	2018/01/17  17:06:08
45145	1	00056008	          	33	0	2018/01/17  17:07:19
45146	1	00056016	          	33	0	2018/01/17  17:07:33
45147	1	00060015	          	33	0	2018/01/17  17:07:42
45148	1	00058004	          	33	0	2018/01/17  17:07:48
45149	1	00060006	          	33	0	2018/01/17  17:07:57
45150	1	00056027	          	33	0	2018/01/17  17:10:47
45151	1	00056038	          	33	0	2018/01/17  17:27:08
45152	1	00056038	          	33	0	2018/01/17  17:27:09
45153	1	00057001	          	33	0	2018/01/17  19:28:44
45154	1	00056001	          	33	0	2018/01/17  20:44:56
45155	1	00056031	          	33	0	2018/01/18  06:21:03
45156	1	00058001	          	33	0	2018/01/18  06:41:42
45157	1	00056010	          	33	0	2018/01/18  07:21:47
45158	1	00056010	          	33	0	2018/01/18  07:22:45
45159	1	00059007	          	33	0	2018/01/18  07:28:40
45160	1	00059007	          	33	0	2018/01/18  07:28:41
45161	1	00056038	          	33	0	2018/01/18  07:29:56
45162	1	00060013	          	33	0	2018/01/18  07:33:08
45163	1	00056038	          	33	0	2018/01/18  07:33:29
45164	1	00056009	          	33	0	2018/01/18  07:36:22
45165	1	00056009	          	33	0	2018/01/18  07:36:23
45166	1	00059003	          	33	0	2018/01/18  07:38:38
45167	1	00060010	          	33	0	2018/01/18  07:38:42
45168	1	00057001	          	33	0	2018/01/18  07:38:55
45169	1	00060015	          	33	0	2018/01/18  07:42:49
45170	1	00061001	          	33	0	2018/01/18  07:49:50
45171	1	00056022	          	33	0	2018/01/18  07:50:41
45172	1	00056022	          	33	0	2018/01/18  07:50:42
45173	1	00056007	          	33	0	2018/01/18  07:50:48
45174	1	00058004	          	33	0	2018/01/18  07:50:57
45175	1	00059010	          	33	0	2018/01/18  07:54:49
45176	1	00060011	          	33	0	2018/01/18  07:55:52
45177	1	00060012	          	33	0	2018/01/18  07:59:28
45178	1	00056016	          	33	0	2018/01/18  07:59:46
45179	1	00056027	          	33	0	2018/01/18  08:12:29
45180	1	00059003	          	33	0	2018/01/18  17:02:29
45181	1	00056022	          	33	0	2018/01/18  17:05:45
45182	1	00056022	          	33	0	2018/01/18  17:05:50
45183	1	00060010	          	33	0	2018/01/18  17:06:24
45184	1	00056010	          	33	0	2018/01/18  17:06:29
45185	1	00056038	          	33	0	2018/01/18  17:07:49
45186	1	00059007	          	33	0	2018/01/18  17:08:07
45187	1	00059007	          	33	0	2018/01/18  17:08:08
45188	1	00056009	          	33	0	2018/01/18  17:08:33
45189	1	00056009	          	33	0	2018/01/18  17:08:34
45190	1	00060011	          	33	0	2018/01/18  17:08:43
45191	1	00058001	          	33	0	2018/01/18  17:09:25
45192	1	00061001	          	33	0	2018/01/18  17:10:02
45193	1	00058004	          	33	0	2018/01/18  17:11:28
45194	1	00056007	          	33	0	2018/01/18  17:11:46
45195	1	00060015	          	33	0	2018/01/18  17:12:15
45196	1	00059010	          	33	0	2018/01/18  17:15:15
45197	1	00059010	          	33	0	2018/01/18  17:19:31
45198	1	00056016	          	33	0	2018/01/18  17:47:04
45199	1	00060013	          	33	0	2018/01/18  19:08:15
45200	1	00056027	          	33	0	2018/01/18  19:30:58
45201	1	00060012	          	33	0	2018/01/18  19:31:25
45202	1	00056031	          	33	0	2018/01/18  19:33:29
45203	1	00057001	          	33	0	2018/01/18  19:45:59
45204	1	00056001	          	33	0	2018/01/18  20:53:59
45205	1	00058001	          	33	0	2018/01/19  06:58:15
45206	1	00057001	          	33	0	2018/01/19  07:06:55
45207	1	00060006	          	33	0	2018/01/19  07:22:29
45208	1	00056010	          	33	0	2018/01/19  07:33:41
45209	1	00060013	          	33	0	2018/01/19  07:34:15
45210	1	00059003	          	33	0	2018/01/19  07:37:16
45211	1	00060015	          	33	0	2018/01/19  07:37:42
45212	1	00056022	          	33	0	2018/01/19  07:38:24
45213	1	00056022	          	33	0	2018/01/19  07:38:25
45214	1	00056009	          	33	0	2018/01/19  07:42:09
45215	1	00059007	          	33	0	2018/01/19  07:42:14
45216	1	00059007	          	33	0	2018/01/19  07:42:16
45217	1	00059007	          	33	0	2018/01/19  07:42:17
45218	1	00060010	          	33	0	2018/01/19  07:42:21
45219	1	00056007	          	33	0	2018/01/19  07:44:44
45220	1	00061001	          	33	0	2018/01/19  07:50:52
45221	1	00059010	          	33	0	2018/01/19  07:53:29
45222	1	00060015	          	33	0	2018/01/19  07:53:55
45223	1	00056027	          	33	0	2018/01/19  07:56:51
45224	1	00060012	          	33	0	2018/01/19  07:58:08
45225	1	00056016	          	33	0	2018/01/19  07:58:49
45226	1	00058004	          	33	0	2018/01/19  07:59:16
45227	1	00056031	          	33	0	2018/01/19  08:19:47
45228	1	00060013	          	33	0	2018/01/19  17:00:07
45229	1	00061001	          	33	0	2018/01/19  17:07:12
45230	1	00060015	          	33	0	2018/01/19  17:21:44
45231	1	00056010	          	33	0	2018/01/19  17:24:16
45232	1	00059010	          	33	0	2018/01/19  17:25:36
45233	1	00059003	          	33	0	2018/01/19  17:30:20
45234	1	00056022	          	33	0	2018/01/19  17:31:02
45235	1	00058001	          	33	0	2018/01/19  17:31:07
45236	1	00059007	          	33	0	2018/01/19  17:31:16
45237	1	00059007	          	33	0	2018/01/19  17:31:17
45238	1	00056007	          	33	0	2018/01/19  17:31:23
45239	1	00060010	          	33	0	2018/01/19  17:31:42
45240	1	00059010	          	33	0	2018/01/19  17:31:53
45241	1	00060006	          	33	0	2018/01/19  17:31:57
45242	1	00060012	          	33	0	2018/01/19  17:32:15
45243	1	00056009	          	33	0	2018/01/19  17:33:12
45244	1	00058004	          	33	0	2018/01/19  17:35:10
45245	1	00056016	          	33	0	2018/01/19  17:38:07
45246	1	00056027	          	33	0	2018/01/19  17:40:36
45247	1	00056031	          	33	0	2018/01/19  17:45:47
45248	1	00056031	          	33	0	2018/01/19  17:51:06
45249	1	00056001	          	33	0	2018/01/19  17:53:01
45250	1	00057001	          	33	0	2018/01/19  19:17:00
45251	1	00056001	          	33	0	2018/01/20  06:44:04
45252	1	00058001	          	33	0	2018/01/20  06:44:10
45253	1	00056010	          	33	0	2018/01/20  07:20:14
45254	1	00056031	          	33	0	2018/01/20  07:21:47
45255	1	00057001	          	33	0	2018/01/20  07:30:21
45256	1	00056009	          	33	0	2018/01/20  07:36:47
45257	1	00056007	          	33	0	2018/01/20  07:36:49
45258	1	00060010	          	33	0	2018/01/20  07:37:12
45259	1	00060006	          	33	0	2018/01/20  07:38:02
45260	1	00059003	          	33	0	2018/01/20  07:45:31
45261	1	00060011	          	33	0	2018/01/20  07:47:15
45262	1	00059010	          	33	0	2018/01/20  07:54:36
45263	1	00056016	          	33	0	2018/01/20  07:56:07
45264	1	00060012	          	33	0	2018/01/20  07:56:14
45265	1	00056027	          	33	0	2018/01/20  08:08:09
45266	1	00058004	          	33	0	2018/01/20  08:50:20
45267	1	00060015	          	33	0	2018/01/20  13:30:02
45268	1	00057001	          	33	0	2018/01/20  16:13:46
45269	1	00058004	          	33	0	2018/01/20  17:03:30
45270	1	00056031	          	33	0	2018/01/20  17:06:01
45271	1	00060012	          	33	0	2018/01/20  17:06:51
45272	1	00060011	          	33	0	2018/01/20  17:07:20
45273	1	00059003	          	33	0	2018/01/20  17:08:06
45274	1	00060010	          	33	0	2018/01/20  17:08:50
45275	1	00060006	          	33	0	2018/01/20  17:09:24
45276	1	00056016	          	33	0	2018/01/20  17:10:32
45277	1	00056027	          	33	0	2018/01/20  17:11:20
45278	1	00056007	          	33	0	2018/01/20  17:11:22
45279	1	00056007	          	33	0	2018/01/20  17:11:27
45280	1	00056009	          	33	0	2018/01/20  17:11:55
45281	1	00056010	          	33	0	2018/01/20  17:12:05
45282	1	00060012	          	33	0	2018/01/20  17:12:22
45283	1	00058001	          	33	0	2018/01/20  17:12:37
45284	1	00059007	          	33	0	2018/01/20  17:12:44
45285	1	00059007	          	33	0	2018/01/20  17:12:45
45286	1	00059010	          	33	0	2018/01/20  17:14:40
45287	1	00056008	          	33	0	2018/01/21  08:08:33
45288	1	00060012	          	33	0	2018/01/21  08:27:26
45289	1	00060012	          	33	0	2018/01/21  16:04:56
45290	1	00056008	          	33	0	2018/01/21  16:05:31
45291	1	00058001	          	33	0	2018/01/22  07:04:11
45292	1	00058001	          	33	0	2018/01/22  07:04:14
45293	1	00060010	          	33	0	2018/01/22  07:19:25
45294	1	00056010	          	33	0	2018/01/22  07:20:55
45295	1	00060006	          	33	0	2018/01/22  07:23:44
45296	1	00056031	          	33	0	2018/01/22  07:24:19
45297	1	00057001	          	33	0	2018/01/22  07:28:15
45298	1	00056009	          	33	0	2018/01/22  07:36:22
45299	1	00056022	          	33	0	2018/01/22  07:36:30
45300	1	00060015	          	33	0	2018/01/22  07:40:05
45301	1	00060013	          	33	0	2018/01/22  07:42:32
45302	1	00056038	          	33	0	2018/01/22  07:42:39
45303	1	00056001	          	33	0	2018/01/22  07:42:46
45304	1	00059007	          	33	0	2018/01/22  07:44:34
45305	1	00059007	          	33	0	2018/01/22  07:44:35
45306	1	00059003	          	33	0	2018/01/22  07:44:46
45307	1	00056016	          	33	0	2018/01/22  07:45:48
45308	1	00061001	          	33	0	2018/01/22  07:46:01
45309	1	00059007	          	33	0	2018/01/22  07:46:30
45310	1	00059007	          	33	0	2018/01/22  07:46:31
45311	1	00060011	          	33	0	2018/01/22  07:48:12
45312	1	00056008	          	33	0	2018/01/22  07:49:59
45313	1	00059010	          	33	0	2018/01/22  08:00:40
45314	1	00058004	          	33	0	2018/01/22  08:01:23
45315	1	00060012	          	33	0	2018/01/22  08:01:46
