No	Mchn	EnNo		Name		Mode	IOMd	DateTime	
45251	1	00056001	          	33	0	2018/01/20  06:44:04
45252	1	00058001	          	33	0	2018/01/20  06:44:10
45253	1	00056010	          	33	0	2018/01/20  07:20:14
45254	1	00056031	          	33	0	2018/01/20  07:21:47
45255	1	00057001	          	33	0	2018/01/20  07:30:21
45256	1	00056009	          	33	0	2018/01/20  07:36:47
45257	1	00056007	          	33	0	2018/01/20  07:36:49
45258	1	00060010	          	33	0	2018/01/20  07:37:12
45259	1	00060006	          	33	0	2018/01/20  07:38:02
45260	1	00059003	          	33	0	2018/01/20  07:45:31
45261	1	00060011	          	33	0	2018/01/20  07:47:15
45262	1	00059010	          	33	0	2018/01/20  07:54:36
45263	1	00056016	          	33	0	2018/01/20  07:56:07
45264	1	00060012	          	33	0	2018/01/20  07:56:14
45265	1	00056027	          	33	0	2018/01/20  08:08:09
45266	1	00058004	          	33	0	2018/01/20  08:50:20
45267	1	00060015	          	33	0	2018/01/20  13:30:02
45268	1	00057001	          	33	0	2018/01/20  16:13:46
45269	1	00058004	          	33	0	2018/01/20  17:03:30
45270	1	00056031	          	33	0	2018/01/20  17:06:01
45271	1	00060012	          	33	0	2018/01/20  17:06:51
45272	1	00060011	          	33	0	2018/01/20  17:07:20
45273	1	00059003	          	33	0	2018/01/20  17:08:06
45274	1	00060010	          	33	0	2018/01/20  17:08:50
45275	1	00060006	          	33	0	2018/01/20  17:09:24
45276	1	00056016	          	33	0	2018/01/20  17:10:32
45277	1	00056027	          	33	0	2018/01/20  17:11:20
45278	1	00056007	          	33	0	2018/01/20  17:11:22
45279	1	00056007	          	33	0	2018/01/20  17:11:27
45280	1	00056009	          	33	0	2018/01/20  17:11:55
45281	1	00056010	          	33	0	2018/01/20  17:12:05
45282	1	00060012	          	33	0	2018/01/20  17:12:22
45283	1	00058001	          	33	0	2018/01/20  17:12:37
45284	1	00059007	          	33	0	2018/01/20  17:12:44
45285	1	00059007	          	33	0	2018/01/20  17:12:45
45286	1	00059010	          	33	0	2018/01/20  17:14:40
45287	1	00056008	          	33	0	2018/01/21  08:08:33
45288	1	00060012	          	33	0	2018/01/21  08:27:26
45289	1	00060012	          	33	0	2018/01/21  16:04:56
45290	1	00056008	          	33	0	2018/01/21  16:05:31
45291	1	00058001	          	33	0	2018/01/22  07:04:11
45292	1	00058001	          	33	0	2018/01/22  07:04:14
45293	1	00060010	          	33	0	2018/01/22  07:19:25
45294	1	00056010	          	33	0	2018/01/22  07:20:55
45295	1	00060006	          	33	0	2018/01/22  07:23:44
45296	1	00056031	          	33	0	2018/01/22  07:24:19
45297	1	00057001	          	33	0	2018/01/22  07:28:15
45298	1	00056009	          	33	0	2018/01/22  07:36:22
45299	1	00056022	          	33	0	2018/01/22  07:36:30
45300	1	00060015	          	33	0	2018/01/22  07:40:05
45301	1	00060013	          	33	0	2018/01/22  07:42:32
45302	1	00056038	          	33	0	2018/01/22  07:42:39
45303	1	00056001	          	33	0	2018/01/22  07:42:46
45304	1	00059007	          	33	0	2018/01/22  07:44:34
45305	1	00059007	          	33	0	2018/01/22  07:44:35
45306	1	00059003	          	33	0	2018/01/22  07:44:46
45307	1	00056016	          	33	0	2018/01/22  07:45:48
45308	1	00061001	          	33	0	2018/01/22  07:46:01
45309	1	00059007	          	33	0	2018/01/22  07:46:30
45310	1	00059007	          	33	0	2018/01/22  07:46:31
45311	1	00060011	          	33	0	2018/01/22  07:48:12
45312	1	00056008	          	33	0	2018/01/22  07:49:59
45313	1	00059010	          	33	0	2018/01/22  08:00:40
45314	1	00058004	          	33	0	2018/01/22  08:01:23
45315	1	00060012	          	33	0	2018/01/22  08:01:46
45316	1	00061001	          	33	0	2018/01/22  17:05:27
45317	1	00056038	          	33	0	2018/01/22  17:11:22
45318	1	00060011	          	33	0	2018/01/22  17:14:51
45319	1	00059003	          	33	0	2018/01/22  17:43:37
45320	1	00059010	          	33	0	2018/01/22  17:56:28
45321	1	00056010	          	33	0	2018/01/22  18:00:57
45322	1	00058001	          	33	0	2018/01/22  18:02:32
45323	1	00059010	          	33	0	2018/01/22  18:03:39
45324	1	00060015	          	33	0	2018/01/22  18:03:46
45325	1	00056022	          	33	0	2018/01/22  18:08:09
45326	1	00056022	          	33	0	2018/01/22  18:08:10
45327	1	00060010	          	33	0	2018/01/22  18:08:19
45328	1	00056009	          	33	0	2018/01/22  18:08:55
45329	1	00059007	          	33	0	2018/01/22  18:08:58
45330	1	00059007	          	33	0	2018/01/22  18:09:00
45331	1	00059007	          	33	0	2018/01/22  18:09:01
45332	1	00060006	          	33	0	2018/01/22  18:09:28
45333	1	00056016	          	33	0	2018/01/22  18:10:19
45334	1	00056008	          	33	0	2018/01/22  18:12:00
45335	1	00056001	          	33	0	2018/01/22  18:12:39
45336	1	00058004	          	33	0	2018/01/22  18:15:00
45337	1	00060012	          	33	0	2018/01/22  18:15:39
45338	1	00057001	          	33	0	2018/01/22  19:19:02
45339	1	00060013	          	33	0	2018/01/22  19:30:08
45340	1	00056031	          	33	0	2018/01/22  19:30:24
45341	1	00056027	          	33	0	2018/01/22  19:30:30
45342	1	00058001	          	33	0	2018/01/23  06:54:49
45343	1	00056031	          	33	0	2018/01/23  07:30:37
45344	1	00057001	          	33	0	2018/01/23  07:31:17
45345	1	00060006	          	33	0	2018/01/23  07:34:51
45346	1	00060010	          	33	0	2018/01/23  07:35:41
45347	1	00056022	          	33	0	2018/01/23  07:37:36
45348	1	00056009	          	33	0	2018/01/23  07:37:44
45349	1	00056009	          	33	0	2018/01/23  07:37:45
45350	1	00060013	          	33	0	2018/01/23  07:42:33
45351	1	00056038	          	33	0	2018/01/23  07:44:25
45352	1	00059003	          	33	0	2018/01/23  07:46:09
45353	1	00056008	          	33	0	2018/01/23  07:47:24
45354	1	00060015	          	33	0	2018/01/23  07:47:38
45355	1	00056001	          	33	0	2018/01/23  07:47:45
45356	1	00059007	          	33	0	2018/01/23  07:47:58
45357	1	00059007	          	33	0	2018/01/23  07:47:59
45358	1	00059007	          	33	0	2018/01/23  07:48:00
45359	1	00056016	          	33	0	2018/01/23  07:48:34
45360	1	00061001	          	33	0	2018/01/23  07:51:38
45361	1	00060012	          	33	0	2018/01/23  07:54:28
45362	1	00056027	          	33	0	2018/01/23  07:55:48
45363	1	00059010	          	33	0	2018/01/23  07:56:38
45364	1	00060011	          	33	0	2018/01/23  07:57:55
45365	1	00058004	          	33	0	2018/01/23  08:04:57
45366	1	00059003	          	33	0	2018/01/23  17:00:20
45367	1	00056031	          	33	0	2018/01/23  17:01:12
45368	1	00061001	          	33	0	2018/01/23  17:08:20
45369	1	00060011	          	33	0	2018/01/23  17:11:26
45370	1	00058001	          	33	0	2018/01/23  17:22:01
45371	1	00060010	          	33	0	2018/01/23  17:23:00
45372	1	00056016	          	33	0	2018/01/23  17:27:25
45373	1	00056008	          	33	0	2018/01/23  17:27:51
45374	1	00056022	          	33	0	2018/01/23  17:30:54
45375	1	00056009	          	33	0	2018/01/23  17:31:04
45376	1	00056009	          	33	0	2018/01/23  17:31:05
45377	1	00060012	          	33	0	2018/01/23  17:31:10
45378	1	00059010	          	33	0	2018/01/23  17:31:17
45379	1	00056038	          	33	0	2018/01/23  17:33:36
45380	1	00056038	          	33	0	2018/01/23  17:33:37
45381	1	00060006	          	33	0	2018/01/23  17:33:48
45382	1	00059010	          	33	0	2018/01/23  17:34:31
45383	1	00059007	          	33	0	2018/01/23  17:37:45
45384	1	00056009	          	33	0	2018/01/23  17:38:06
45385	1	00060015	          	33	0	2018/01/23  17:38:31
45386	1	00058004	          	33	0	2018/01/23  17:42:25
45387	1	00056027	          	33	0	2018/01/23  17:42:46
45388	1	00060013	          	33	0	2018/01/23  17:53:42
45389	1	00056001	          	33	0	2018/01/23  18:12:15
45390	1	00057001	          	33	0	2018/01/23  18:34:18
45391	1	00058001	          	33	0	2018/01/24  07:06:39
45392	1	00060006	          	33	0	2018/01/24  07:07:36
45393	1	00057001	          	33	0	2018/01/24  07:08:17
45394	1	00056008	          	33	0	2018/01/24  07:16:31
45395	1	00056038	          	33	0	2018/01/24  07:18:14
45396	1	00056038	          	33	0	2018/01/24  07:18:15
45397	1	00060015	          	33	0	2018/01/24  07:22:28
45398	1	00056038	          	33	0	2018/01/24  07:25:39
45399	1	00056031	          	33	0	2018/01/24  07:29:44
45400	1	00060010	          	33	0	2018/01/24  07:33:59
45401	1	00056001	          	33	0	2018/01/24  07:36:20
45402	1	00056009	          	33	0	2018/01/24  07:36:55
45403	1	00059007	          	33	0	2018/01/24  07:36:58
45404	1	00059007	          	33	0	2018/01/24  07:36:59
45405	1	00059007	          	33	0	2018/01/24  07:37:00
45406	1	00060012	          	33	0	2018/01/24  07:37:49
45407	1	00060013	          	33	0	2018/01/24  07:38:18
45408	1	00058004	          	33	0	2018/01/24  07:42:55
45409	1	00059003	          	33	0	2018/01/24  07:43:34
45410	1	00059010	          	33	0	2018/01/24  07:48:59
45411	1	00061001	          	33	0	2018/01/24  07:49:58
45412	1	00056016	          	33	0	2018/01/24  07:54:14
45413	1	00056027	          	33	0	2018/01/24  07:57:28
45414	1	00060011	          	33	0	2018/01/24  07:59:58
45415	1	00060011	          	33	0	2018/01/24  17:00:36
45416	1	00059010	          	33	0	2018/01/24  17:04:09
45417	1	00061001	          	33	0	2018/01/24  17:04:21
45418	1	00058004	          	33	0	2018/01/24  17:05:17
45419	1	00059007	          	33	0	2018/01/24  17:09:09
45420	1	00059007	          	33	0	2018/01/24  17:09:10
45421	1	00056009	          	33	0	2018/01/24  17:10:55
45422	1	00056009	          	33	0	2018/01/24  17:10:56
45423	1	00060006	          	33	0	2018/01/24  17:12:05
45424	1	00056038	          	33	0	2018/01/24  17:17:31
45425	1	00059003	          	33	0	2018/01/24  17:31:15
45426	1	00060010	          	33	0	2018/01/24  17:36:23
45427	1	00056016	          	33	0	2018/01/24  17:39:11
45428	1	00058001	          	33	0	2018/01/24  17:47:06
45429	1	00056008	          	33	0	2018/01/24  17:54:57
45430	1	00056027	          	33	0	2018/01/24  18:03:34
45431	1	00060015	          	33	0	2018/01/24  18:06:48
45432	1	00060013	          	33	0	2018/01/24  18:32:56
45433	1	00056001	          	33	0	2018/01/24  18:53:48
45434	1	00057001	          	33	0	2018/01/24  19:33:51
45435	1	00056031	          	33	0	2018/01/24  20:07:24
45436	1	00058001	          	33	0	2018/01/25  06:45:33
45437	1	00057001	          	33	0	2018/01/25  07:06:47
45438	1	00060015	          	33	0	2018/01/25  07:18:21
45439	1	00056038	          	33	0	2018/01/25  07:18:43
45440	1	00060006	          	33	0	2018/01/25  07:24:19
45441	1	00056008	          	33	0	2018/01/25  07:29:43
45442	1	00056031	          	33	0	2018/01/25  07:29:59
45443	1	00060010	          	33	0	2018/01/25  07:35:55
45444	1	00056009	          	33	0	2018/01/25  07:40:10
45445	1	00060013	          	33	0	2018/01/25  07:44:16
45446	1	00056022	          	33	0	2018/01/25  07:44:27
45447	1	00059007	          	33	0	2018/01/25  07:44:30
45448	1	00059007	          	33	0	2018/01/25  07:44:32
45449	1	00056007	          	33	0	2018/01/25  07:45:19
45450	1	00059003	          	33	0	2018/01/25  07:49:07
45451	1	00060012	          	33	0	2018/01/25  07:49:17
45452	1	00056016	          	33	0	2018/01/25  07:50:18
45453	1	00058004	          	33	0	2018/01/25  07:52:16
45454	1	00059010	          	33	0	2018/01/25  07:53:42
45455	1	00061001	          	33	0	2018/01/25  07:55:14
45456	1	00056027	          	33	0	2018/01/25  07:56:48
45457	1	00060011	          	33	0	2018/01/25  07:58:30
45458	1	00059003	          	33	0	2018/01/25  17:00:13
45459	1	00056038	          	33	0	2018/01/25  17:01:13
45460	1	00061001	          	33	0	2018/01/25  17:01:18
45461	1	00060011	          	33	0	2018/01/25  17:01:25
45462	1	00058001	          	33	0	2018/01/25  17:03:12
45463	1	00056007	          	33	0	2018/01/25  17:04:10
45464	1	00056022	          	33	0	2018/01/25  17:04:22
45465	1	00056022	          	33	0	2018/01/25  17:04:23
45466	1	00060010	          	33	0	2018/01/25  17:05:29
45467	1	00056009	          	33	0	2018/01/25  17:05:38
45468	1	00060015	          	33	0	2018/01/25  17:06:27
45469	1	00060006	          	33	0	2018/01/25  17:06:35
45470	1	00059007	          	33	0	2018/01/25  17:07:42
45471	1	00059007	          	33	0	2018/01/25  17:07:43
45472	1	00058004	          	33	0	2018/01/25  17:07:52
45473	1	00059010	          	33	0	2018/01/25  17:08:32
45474	1	00056016	          	33	0	2018/01/25  17:09:19
45475	1	00056027	          	33	0	2018/01/25  17:11:00
45476	1	00056001	          	33	0	2018/01/25  17:32:00
45477	1	00057001	          	33	0	2018/01/25  17:47:05
45478	1	00056031	          	33	0	2018/01/25  18:24:01
45479	1	00060013	          	33	0	2018/01/25  18:24:05
45480	1	00060012	          	33	0	2018/01/25  18:24:44
45481	1	00058001	          	33	0	2018/01/26  06:57:46
45482	1	00057001	          	33	0	2018/01/26  07:11:07
45483	1	00056038	          	33	0	2018/01/26  07:21:46
45484	1	00056010	          	33	0	2018/01/26  07:22:51
45485	1	00056031	          	33	0	2018/01/26  07:23:35
45486	1	00060010	          	33	0	2018/01/26  07:26:18
45487	1	00060006	          	33	0	2018/01/26  07:29:12
45488	1	00060006	          	33	0	2018/01/26  07:29:13
45489	1	00060015	          	33	0	2018/01/26  07:29:45
45490	1	00056009	          	33	0	2018/01/26  07:34:51
45491	1	00056009	          	33	0	2018/01/26  07:34:52
45492	1	00059010	          	33	0	2018/01/26  07:37:36
45493	1	00060013	          	33	0	2018/01/26  07:42:29
45494	1	00056022	          	33	0	2018/01/26  07:50:02
45495	1	00056007	          	33	0	2018/01/26  07:50:22
45496	1	00059003	          	33	0	2018/01/26  07:51:45
45497	1	00061001	          	33	0	2018/01/26  07:52:39
45498	1	00056016	          	33	0	2018/01/26  07:53:05
45499	1	00060012	          	33	0	2018/01/26  07:54:39
45500	1	00056027	          	33	0	2018/01/26  07:57:18
45501	1	00060011	          	33	0	2018/01/26  07:58:01
45502	1	00058004	          	33	0	2018/01/26  07:59:23
45503	1	00056007	          	33	0	2018/01/26  16:59:04
45504	1	00056007	          	33	0	2018/01/26  17:00:06
45505	1	00056009	          	33	0	2018/01/26  17:00:47
45506	1	00056010	          	33	0	2018/01/26  17:00:58
45507	1	00060011	          	33	0	2018/01/26  17:04:07
45508	1	00056038	          	33	0	2018/01/26  17:04:15
45509	1	00056038	          	33	0	2018/01/26  17:04:16
45510	1	00061001	          	33	0	2018/01/26  17:04:21
45511	1	00058001	          	33	0	2018/01/26  17:04:50
45512	1	00056022	          	33	0	2018/01/26  17:06:21
45513	1	00060013	          	33	0	2018/01/26  17:06:25
45514	1	00059003	          	33	0	2018/01/26  17:06:33
45515	1	00060006	          	33	0	2018/01/26  17:06:49
45516	1	00060006	          	33	0	2018/01/26  17:06:50
45517	1	00059010	          	33	0	2018/01/26  17:08:04
45518	1	00060015	          	33	0	2018/01/26  17:08:07
45519	1	00056027	          	33	0	2018/01/26  17:09:01
45520	1	00060010	          	33	0	2018/01/26  17:09:19
45521	1	00060012	          	33	0	2018/01/26  17:11:42
45522	1	00056016	          	33	0	2018/01/26  17:11:53
45523	1	00058004	          	33	0	2018/01/26  17:13:46
45524	1	00058004	          	33	0	2018/01/26  17:13:47
45525	1	00057001	          	33	0	2018/01/26  17:26:26
45526	1	00056031	          	33	0	2018/01/26  18:10:56
45527	1	00058001	          	33	0	2018/01/27  07:03:14
45528	1	00057001	          	33	0	2018/01/27  07:06:12
45529	1	00056010	          	33	0	2018/01/27  07:11:43
45530	1	00056010	          	33	0	2018/01/27  07:14:15
45531	1	00056031	          	33	0	2018/01/27  07:17:43
45532	1	00060015	          	33	0	2018/01/27  07:29:14
45533	1	00060010	          	33	0	2018/01/27  07:29:30
45534	1	00060006	          	33	0	2018/01/27  07:33:02
45535	1	00056038	          	33	0	2018/01/27  07:35:04
45536	1	00056038	          	33	0	2018/01/27  07:35:11
45537	1	00056009	          	33	0	2018/01/27  07:39:03
45538	1	00056009	          	33	0	2018/01/27  07:39:09
45539	1	00059007	          	33	0	2018/01/27  07:45:37
45540	1	00059007	          	33	0	2018/01/27  07:45:39
45541	1	00056027	          	33	0	2018/01/27  07:48:00
45542	1	00058004	          	33	0	2018/01/27  07:49:36
45543	1	00060013	          	33	0	2018/01/27  07:50:17
45544	1	00059003	          	33	0	2018/01/27  07:51:10
45545	1	00061001	          	33	0	2018/01/27  07:52:42
45546	1	00056016	          	33	0	2018/01/27  07:56:29
45547	1	00056022	          	33	0	2018/01/27  07:57:36
45548	1	00056008	          	33	0	2018/01/27  08:00:07
45549	1	00059010	          	33	0	2018/01/27  08:00:50
45550	1	00060011	          	33	0	2018/01/27  08:03:44
45551	1	00060012	          	33	0	2018/01/27  08:09:13
45552	1	00056027	          	33	0	2018/01/27  15:10:38
45553	1	00056022	          	33	0	2018/01/27  15:10:52
45554	1	00058004	          	33	0	2018/01/27  15:11:02
45555	1	00060010	          	33	0	2018/01/27  15:11:08
45556	1	00056016	          	33	0	2018/01/27  15:11:11
45557	1	00058001	          	33	0	2018/01/27  15:12:14
45558	1	00060011	          	33	0	2018/01/27  15:12:25
45559	1	00056007	          	33	0	2018/01/27  15:13:00
45560	1	00060006	          	33	0	2018/01/27  15:13:20
45561	1	00061001	          	33	0	2018/01/27  15:13:45
45562	1	00057001	          	33	0	2018/01/27  15:15:09
45563	1	00056010	          	33	0	2018/01/27  15:15:31
45564	1	00060010	          	33	0	2018/01/27  15:17:37
45565	1	00056009	          	33	0	2018/01/27  15:18:50
45566	1	00056009	          	33	0	2018/01/27  15:18:51
45567	1	00060013	          	33	0	2018/01/27  15:23:15
45568	1	00059007	          	33	0	2018/01/27  15:23:20
45569	1	00059007	          	33	0	2018/01/27  15:23:21
45570	1	00056008	          	33	0	2018/01/27  15:23:44
45571	1	00059010	          	33	0	2018/01/27  15:26:50
45572	1	00060012	          	33	0	2018/01/27  15:27:43
45573	1	00056031	          	33	0	2018/01/27  15:27:52
45574	1	00060015	          	33	0	2018/01/27  15:30:54
45575	1	00056031	          	33	0	2018/01/27  15:33:11
45576	1	00059003	          	33	0	2018/01/27  15:33:21
45577	1	00056038	          	33	0	2018/01/27  16:18:11
45578	1	00060015	          	33	0	2018/01/27  17:39:56
45579	1	00056001	          	33	0	2018/01/28  08:34:58
45580	1	00056001	          	33	0	2018/01/28  08:45:53
45581	1	00058001	          	33	0	2018/01/29  06:46:01
45582	1	00056010	          	33	0	2018/01/29  07:20:29
45583	1	00057001	          	33	0	2018/01/29  07:20:51
45584	1	00059003	          	33	0	2018/01/29  07:32:30
45585	1	00060006	          	33	0	2018/01/29  07:37:18
45586	1	00056009	          	33	0	2018/01/29  07:39:58
45587	1	00056038	          	33	0	2018/01/29  07:42:01
45588	1	00056038	          	33	0	2018/01/29  07:42:03
45589	1	00056031	          	33	0	2018/01/29  07:42:23
45590	1	00060013	          	33	0	2018/01/29  07:43:33
45591	1	00059010	          	33	0	2018/01/29  07:44:23
45592	1	00056008	          	33	0	2018/01/29  07:44:39
45593	1	00060010	          	33	0	2018/01/29  07:44:44
45594	1	00059007	          	33	0	2018/01/29  07:45:59
45595	1	00059007	          	33	0	2018/01/29  07:46:00
45596	1	00060015	          	33	0	2018/01/29  07:51:25
45597	1	00056016	          	33	0	2018/01/29  07:51:58
45598	1	00056007	          	33	0	2018/01/29  07:53:22
45599	1	00056022	          	33	0	2018/01/29  07:53:33
45600	1	00061001	          	33	0	2018/01/29  07:55:02
45601	1	00060012	          	33	0	2018/01/29  07:56:11
45602	1	00058004	          	33	0	2018/01/29  08:00:21
45603	1	00056027	          	33	0	2018/01/29  08:03:17
45604	1	00056008	          	33	0	2018/01/29  17:00:05
45605	1	00060015	          	33	0	2018/01/29  17:00:07
45606	1	00059003	          	33	0	2018/01/29  17:00:12
45607	1	00060010	          	33	0	2018/01/29  17:00:17
45608	1	00056010	          	33	0	2018/01/29  17:00:27
45609	1	00056022	          	33	0	2018/01/29  17:00:54
45610	1	00056022	          	33	0	2018/01/29  17:00:56
45611	1	00059007	          	33	0	2018/01/29  17:01:37
45612	1	00059007	          	33	0	2018/01/29  17:01:38
45613	1	00058001	          	33	0	2018/01/29  17:01:52
45614	1	00056007	          	33	0	2018/01/29  17:03:00
45615	1	00056009	          	33	0	2018/01/29  17:03:11
45616	1	00056016	          	33	0	2018/01/29  17:03:24
45617	1	00058004	          	33	0	2018/01/29  17:03:30
45618	1	00059010	          	33	0	2018/01/29  17:03:48
45619	1	00061001	          	33	0	2018/01/29  17:04:32
45620	1	00060013	          	33	0	2018/01/29  17:05:36
45621	1	00056027	          	33	0	2018/01/29  17:08:45
45622	1	00060006	          	33	0	2018/01/29  17:09:41
45623	1	00060012	          	33	0	2018/01/29  17:12:08
45624	1	00056031	          	33	0	2018/01/29  17:13:55
45625	1	00057001	          	33	0	2018/01/29  17:34:15
45626	1	00056038	          	33	0	2018/01/29  17:34:47
45627	1	00056001	          	33	0	2018/01/29  17:39:55
45628	1	00056001	          	33	0	2018/01/29  17:39:58
45629	1	00058001	          	33	0	2018/01/30  07:04:08
45630	1	00057001	          	33	0	2018/01/30  07:18:50
45631	1	00056010	          	33	0	2018/01/30  07:24:18
45632	1	00059007	          	33	0	2018/01/30  07:29:37
45633	1	00059007	          	33	0	2018/01/30  07:29:39
45634	1	00060006	          	33	0	2018/01/30  07:30:50
45635	1	00056008	          	33	0	2018/01/30  07:32:24
45636	1	00056031	          	33	0	2018/01/30  07:33:06
45637	1	00060015	          	33	0	2018/01/30  07:33:15
45638	1	00056009	          	33	0	2018/01/30  07:35:01
45639	1	00059003	          	33	0	2018/01/30  07:35:43
45640	1	00059010	          	33	0	2018/01/30  07:36:22
45641	1	00060013	          	33	0	2018/01/30  07:38:17
45642	1	00056022	          	33	0	2018/01/30  07:38:23
45643	1	00056022	          	33	0	2018/01/30  07:38:24
45644	1	00056007	          	33	0	2018/01/30  07:38:39
45645	1	00056038	          	33	0	2018/01/30  07:39:50
45646	1	00056038	          	33	0	2018/01/30  07:39:51
45647	1	00061001	          	33	0	2018/01/30  07:49:16
45648	1	00056016	          	33	0	2018/01/30  07:49:30
45649	1	00056027	          	33	0	2018/01/30  07:54:56
45650	1	00056008	          	33	0	2018/01/30  07:55:08
45651	1	00058004	          	33	0	2018/01/30  07:56:45
45652	1	00060012	          	33	0	2018/01/30  07:58:26
45653	1	00060011	          	33	0	2018/01/30  08:03:50
45654	1	00056010	          	33	0	2018/01/30  17:10:04
45655	1	00056022	          	33	0	2018/01/30  17:10:12
45656	1	00061001	          	33	0	2018/01/30  17:11:00
45657	1	00056022	          	33	0	2018/01/30  17:11:26
45658	1	00056009	          	33	0	2018/01/30  17:11:30
45659	1	00056009	          	33	0	2018/01/30  17:11:31
45660	1	00060010	          	33	0	2018/01/30  17:11:43
45661	1	00059003	          	33	0	2018/01/30  17:11:52
45662	1	00056007	          	33	0	2018/01/30  17:12:03
45663	1	00058001	          	33	0	2018/01/30  17:12:08
45664	1	00059007	          	33	0	2018/01/30  17:13:52
45665	1	00060011	          	33	0	2018/01/30  17:14:01
45666	1	00060011	          	33	0	2018/01/30  17:14:02
45667	1	00060006	          	33	0	2018/01/30  17:14:04
45668	1	00056008	          	33	0	2018/01/30  17:14:10
45669	1	00060015	          	33	0	2018/01/30  17:18:41
45670	1	00058004	          	33	0	2018/01/30  17:20:34
45671	1	00060012	          	33	0	2018/01/30  17:20:57
45672	1	00056016	          	33	0	2018/01/30  17:21:05
45673	1	00056038	          	33	0	2018/01/30  17:21:18
45674	1	00056031	          	33	0	2018/01/30  17:24:22
45675	1	00059010	          	33	0	2018/01/30  17:27:56
45676	1	00056027	          	33	0	2018/01/30  17:28:14
45677	1	00057001	          	33	0	2018/01/30  18:47:38
45678	1	00056001	          	33	0	2018/01/30  19:22:21
45679	1	00056001	          	33	0	2018/01/30  19:22:24
45680	1	00058001	          	33	0	2018/01/31  06:56:01
45681	1	00057001	          	33	0	2018/01/31  07:09:05
45682	1	00056031	          	33	0	2018/01/31  07:27:11
45683	1	00056010	          	33	0	2018/01/31  07:30:09
45684	1	00060006	          	33	0	2018/01/31  07:33:42
45685	1	00056009	          	33	0	2018/01/31  07:41:32
45686	1	00060013	          	33	0	2018/01/31  07:42:48
45687	1	00059007	          	33	0	2018/01/31  07:47:49
45688	1	00059007	          	33	0	2018/01/31  07:47:51
45689	1	00059007	          	33	0	2018/01/31  07:47:52
45690	1	00056038	          	33	0	2018/01/31  07:48:44
45691	1	00061001	          	33	0	2018/01/31  07:49:02
45692	1	00056038	          	33	0	2018/01/31  07:49:17
45693	1	00059003	          	33	0	2018/01/31  07:49:43
45694	1	00058004	          	33	0	2018/01/31  07:52:11
45695	1	00060010	          	33	0	2018/01/31  07:54:40
45696	1	00060012	          	33	0	2018/01/31  07:59:02
45697	1	00056008	          	33	0	2018/01/31  08:05:09
45698	1	00056016	          	33	0	2018/01/31  08:17:12
45699	1	00056022	          	33	0	2018/01/31  08:33:05
45700	1	00059010	          	33	0	2018/01/31  08:37:31
45701	1	00059010	          	33	0	2018/01/31  08:37:54
45702	1	00060011	          	33	0	2018/01/31  09:20:37
45703	1	00060015	          	33	0	2018/01/31  11:01:15
45704	1	00061001	          	33	0	2018/01/31  17:06:44
45705	1	00058004	          	33	0	2018/01/31  17:13:12
45706	1	00060010	          	33	0	2018/01/31  17:13:27
45707	1	00058001	          	33	0	2018/01/31  17:30:28
45708	1	00056010	          	33	0	2018/01/31  17:31:03
45709	1	00056009	          	33	0	2018/01/31  17:31:09
45710	1	00059007	          	33	0	2018/01/31  17:31:14
45711	1	00059007	          	33	0	2018/01/31  17:31:15
45712	1	00056022	          	33	0	2018/01/31  17:31:32
45713	1	00059003	          	33	0	2018/01/31  17:32:07
45714	1	00060011	          	33	0	2018/01/31  17:32:23
45715	1	00060011	          	33	0	2018/01/31  17:32:24
45716	1	00056016	          	33	0	2018/01/31  17:32:51
45717	1	00059010	          	33	0	2018/01/31  17:35:25
45718	1	00060006	          	33	0	2018/01/31  17:38:03
45719	1	00057001	          	33	0	2018/01/31  17:40:36
45720	1	00056007	          	33	0	2018/01/31  17:51:35
45721	1	00060013	          	33	0	2018/01/31  19:01:26
45722	1	00056038	          	33	0	2018/01/31  19:22:10
45723	1	00056008	          	33	0	2018/01/31  19:37:20
45724	1	00056008	          	33	0	2018/01/31  19:37:21
45725	1	00060015	          	33	0	2018/01/31  19:44:59
45726	1	00060012	          	33	0	2018/01/31  19:45:17
45727	1	00057001	          	33	0	2018/02/01  06:46:40
45728	1	00058001	          	33	0	2018/02/01  06:52:14
45729	1	00056031	          	33	0	2018/02/01  07:09:20
45730	1	00056038	          	33	0	2018/02/01  07:13:41
45731	1	00056038	          	33	0	2018/02/01  07:13:42
45732	1	00056010	          	33	0	2018/02/01  07:21:11
45733	1	00059007	          	33	0	2018/02/01  07:21:32
45734	1	00059007	          	33	0	2018/02/01  07:21:33
45735	1	00060006	          	33	0	2018/02/01  07:26:10
45736	1	00056022	          	33	0	2018/02/01  07:32:30
45737	1	00056022	          	33	0	2018/02/01  07:32:32
45738	1	00056009	          	33	0	2018/02/01  07:32:53
45739	1	00060013	          	33	0	2018/02/01  07:37:44
45740	1	00060012	          	33	0	2018/02/01  07:43:39
45741	1	00057001	          	33	0	2018/02/01  07:44:01
45742	1	00060015	          	33	0	2018/02/01  07:50:04
45743	1	00056016	          	33	0	2018/02/01  07:52:01
45744	1	00059010	          	33	0	2018/02/01  07:52:22
45745	1	00061001	          	33	0	2018/02/01  07:52:59
45746	1	00060011	          	33	0	2018/02/01  07:58:50
45747	1	00058004	          	33	0	2018/02/01  08:00:06
45748	1	00056027	          	33	0	2018/02/01  08:03:03
45749	1	00056027	          	33	0	2018/02/01  08:06:09
45750	1	00059007	          	33	0	2018/02/01  13:04:37
45751	1	00059007	          	33	0	2018/02/01  13:04:38
45752	1	00058001	          	33	0	2018/02/01  17:02:15
45753	1	00056022	          	33	0	2018/02/01  17:02:19
45754	1	00056022	          	33	0	2018/02/01  17:02:20
45755	1	00060011	          	33	0	2018/02/01  17:02:39
45756	1	00059010	          	33	0	2018/02/01  17:04:11
45757	1	00056010	          	33	0	2018/02/01  17:04:41
45758	1	00060006	          	33	0	2018/02/01  17:04:46
45759	1	00056009	          	33	0	2018/02/01  17:05:42
45760	1	00056010	          	33	0	2018/02/01  17:07:58
45761	1	00058004	          	33	0	2018/02/01  17:08:05
45762	1	00056016	          	33	0	2018/02/01  17:08:08
45763	1	00056031	          	33	0	2018/02/01  17:08:23
45764	1	00060012	          	33	0	2018/02/01  17:08:55
45765	1	00056008	          	33	0	2018/02/01  17:15:01
45766	1	00061001	          	33	0	2018/02/01  17:28:05
45767	1	00056038	          	33	0	2018/02/01  18:25:56
45768	1	00057001	          	33	0	2018/02/01  18:39:43
45769	1	00058001	          	33	0	2018/02/02  06:55:02
45770	1	00057001	          	33	0	2018/02/02  07:06:24
45771	1	00056010	          	33	0	2018/02/02  07:17:48
45772	1	00060010	          	33	0	2018/02/02  07:21:46
45773	1	00056031	          	33	0	2018/02/02  07:27:02
45774	1	00060006	          	33	0	2018/02/02  07:27:59
45775	1	00060015	          	33	0	2018/02/02  07:28:54
45776	1	00056007	          	33	0	2018/02/02  07:31:12
45777	1	00056022	          	33	0	2018/02/02  07:31:18
45778	1	00059003	          	33	0	2018/02/02  07:34:32
45779	1	00060013	          	33	0	2018/02/02  07:34:42
45780	1	00060013	          	33	0	2018/02/02  07:34:43
45781	1	00056038	          	33	0	2018/02/02  07:39:34
45782	1	00056008	          	33	0	2018/02/02  07:39:40
45783	1	00056009	          	33	0	2018/02/02  07:40:46
45784	1	00061001	          	33	0	2018/02/02  07:50:10
45785	1	00056038	          	33	0	2018/02/02  07:53:27
45786	1	00060012	          	33	0	2018/02/02  07:56:10
45787	1	00056016	          	33	0	2018/02/02  08:01:05
45788	1	00059010	          	33	0	2018/02/02  08:01:52
45789	1	00056027	          	33	0	2018/02/02  08:08:08
45790	1	00060011	          	33	0	2018/02/02  08:09:11
45791	1	00058004	          	33	0	2018/02/02  08:15:14
45792	1	00056001	          	33	0	2018/02/02  08:58:25
45793	1	00059003	          	33	0	2018/02/02  17:00:02
45794	1	00056031	          	33	0	2018/02/02  17:00:26
45795	1	00059010	          	33	0	2018/02/02  17:00:30
45796	1	00056022	          	33	0	2018/02/02  17:00:34
45797	1	00056009	          	33	0	2018/02/02  17:02:03
45798	1	00060010	          	33	0	2018/02/02  17:02:51
45799	1	00060011	          	33	0	2018/02/02  17:03:06
45800	1	00056010	          	33	0	2018/02/02  17:03:40
45801	1	00060006	          	33	0	2018/02/02  17:03:43
45802	1	00058001	          	33	0	2018/02/02  17:03:47
45803	1	00056007	          	33	0	2018/02/02  17:04:00
45804	1	00058004	          	33	0	2018/02/02  17:06:25
45805	1	00056016	          	33	0	2018/02/02  17:11:40
45806	1	00061001	          	33	0	2018/02/02  17:15:31
45807	1	00056008	          	33	0	2018/02/02  17:19:24
45808	1	00056027	          	33	0	2018/02/02  17:19:26
45809	1	00060012	          	33	0	2018/02/02  17:24:12
45810	1	00060015	          	33	0	2018/02/02  17:27:45
45811	1	00060013	          	33	0	2018/02/02  18:30:08
45812	1	00056038	          	33	0	2018/02/02  18:30:12
45813	1	00057001	          	33	0	2018/02/02  18:43:03
45814	1	00056001	          	33	0	2018/02/02  19:04:20
45815	1	00056008	          	33	0	2018/02/03  07:39:17
45816	1	00060010	          	33	0	2018/02/03  07:39:23
45817	1	00060010	          	33	0	2018/02/03  07:39:27
45818	1	00058001	          	33	0	2018/02/03  07:39:33
45819	1	00056010	          	33	0	2018/02/03  07:39:38
45820	1	00060006	          	33	0	2018/02/03  07:39:48
45821	1	00056010	          	33	0	2018/02/03  07:46:33
45822	1	00056009	          	33	0	2018/02/03  07:50:06
45823	1	00056009	          	33	0	2018/02/03  07:50:07
45824	1	00056007	          	33	0	2018/02/03  07:50:13
45825	1	00059003	          	33	0	2018/02/03  07:50:15
45826	1	00056022	          	33	0	2018/02/03  07:50:17
45827	1	00060013	          	33	0	2018/02/03  07:52:26
45828	1	00056027	          	33	0	2018/02/03  07:56:30
45829	1	00060012	          	33	0	2018/02/03  08:01:54
45830	1	00058004	          	33	0	2018/02/03  08:08:18
45831	1	00060015	          	33	0	2018/02/03  08:48:12
45832	1	00056001	          	33	0	2018/02/03  14:14:56
45833	1	00059003	          	33	0	2018/02/03  17:03:23
45834	1	00060013	          	33	0	2018/02/03  17:08:50
45835	1	00060015	          	33	0	2018/02/03  17:18:50
45836	1	00060010	          	33	0	2018/02/03  17:28:54
45837	1	00060010	          	33	0	2018/02/03  17:30:01
45838	1	00060006	          	33	0	2018/02/03  17:30:22
45839	1	00056027	          	33	0	2018/02/03  17:32:43
45840	1	00058004	          	33	0	2018/02/03  17:33:44
45841	1	00056009	          	33	0	2018/02/03  17:33:58
45842	1	00056009	          	33	0	2018/02/03  17:34:07
45843	1	00056010	          	33	0	2018/02/03  17:34:21
45844	1	00060012	          	33	0	2018/02/03  17:34:32
45845	1	00056022	          	33	0	2018/02/03  17:41:13
45846	1	00058001	          	33	0	2018/02/03  17:41:23
45847	1	00056007	          	33	0	2018/02/03  17:41:57
45848	1	00056008	          	33	0	2018/02/03  17:57:11
45849	1	00056001	          	33	0	2018/02/03  18:09:58
45850	1	00056027	          	33	0	2018/02/04  08:28:47
45851	1	00056008	          	33	0	2018/02/04  09:40:33
45852	1	00056027	          	33	0	2018/02/04  11:21:05
45853	1	00056008	          	33	0	2018/02/04  11:22:38
45854	1	00056008	          	33	0	2018/02/04  12:06:02
45855	1	00056027	          	33	0	2018/02/04  12:06:09
45856	1	00058001	          	33	0	2018/02/05  07:07:24
45857	1	00057001	          	33	0	2018/02/05  07:22:11
45858	1	00056008	          	33	0	2018/02/05  07:26:48
45859	1	00056010	          	33	0	2018/02/05  07:28:16
45860	1	00056038	          	33	0	2018/02/05  07:31:05
45861	1	00059007	          	33	0	2018/02/05  07:32:51
45862	1	00059007	          	33	0	2018/02/05  07:32:52
45863	1	00059007	          	33	0	2018/02/05  07:32:53
45864	1	00060010	          	33	0	2018/02/05  07:33:11
45865	1	00060006	          	33	0	2018/02/05  07:34:21
45866	1	00060006	          	33	0	2018/02/05  07:34:21
45867	1	00059003	          	33	0	2018/02/05  07:38:09
45868	1	00060013	          	33	0	2018/02/05  07:39:09
45869	1	00056001	          	33	0	2018/02/05  07:44:30
45870	1	00056022	          	33	0	2018/02/05  07:44:47
45871	1	00056022	          	33	0	2018/02/05  07:44:48
45872	1	00060015	          	33	0	2018/02/05  07:48:43
45873	1	00056007	          	33	0	2018/02/05  07:48:53
45874	1	00060012	          	33	0	2018/02/05  07:52:46
45875	1	00061001	          	33	0	2018/02/05  07:53:35
45876	1	00056027	          	33	0	2018/02/05  07:55:32
45877	1	00059010	          	33	0	2018/02/05  07:57:10
45878	1	00060011	          	33	0	2018/02/05  08:01:47
45879	1	00058004	          	33	0	2018/02/05  08:06:00
45880	1	00060010	          	33	0	2018/02/05  17:00:03
45881	1	00056010	          	33	0	2018/02/05  17:00:18
45882	1	00059003	          	33	0	2018/02/05  17:01:45
45883	1	00059010	          	33	0	2018/02/05  17:02:34
45884	1	00059007	          	33	0	2018/02/05  17:03:27
45885	1	00059007	          	33	0	2018/02/05  17:03:28
45886	1	00056027	          	33	0	2018/02/05  17:03:44
45887	1	00060011	          	33	0	2018/02/05  17:03:56
45888	1	00060006	          	33	0	2018/02/05  17:04:17
45889	1	00056022	          	33	0	2018/02/05  17:05:45
45890	1	00056022	          	33	0	2018/02/05  17:05:46
45891	1	00061001	          	33	0	2018/02/05  17:05:51
45892	1	00058001	          	33	0	2018/02/05  17:06:53
45893	1	00058004	          	33	0	2018/02/05  17:07:14
45894	1	00059010	          	33	0	2018/02/05  17:19:15
45895	1	00060015	          	33	0	2018/02/05  17:29:52
45896	1	00056007	          	33	0	2018/02/05  17:30:28
45897	1	00060012	          	33	0	2018/02/05  17:36:22
45898	1	00056008	          	33	0	2018/02/05  17:36:31
45899	1	00056038	          	33	0	2018/02/05  18:10:06
45900	1	00060013	          	33	0	2018/02/05  18:36:05
45901	1	00057001	          	33	0	2018/02/05  18:50:02
45902	1	00056001	          	33	0	2018/02/05  20:16:49
45903	1	00058001	          	33	0	2018/02/06  06:55:53
45904	1	00058001	          	33	0	2018/02/06  06:55:56
45905	1	00057001	          	33	0	2018/02/06  07:13:08
45906	1	00056010	          	33	0	2018/02/06  07:16:32
45907	1	00056031	          	33	0	2018/02/06  07:18:12
45908	1	00060006	          	33	0	2018/02/06  07:26:24
45909	1	00056009	          	33	0	2018/02/06  07:28:47
45910	1	00060013	          	33	0	2018/02/06  07:36:20
45911	1	00056008	          	33	0	2018/02/06  07:39:14
45912	1	00060015	          	33	0	2018/02/06  07:42:05
45913	1	00060010	          	33	0	2018/02/06  07:42:11
45914	1	00056022	          	33	0	2018/02/06  07:44:14
45915	1	00056001	          	33	0	2018/02/06  07:44:46
45916	1	00056007	          	33	0	2018/02/06  07:44:52
45917	1	00060011	          	33	0	2018/02/06  07:46:02
45918	1	00059007	          	33	0	2018/02/06  07:49:45
45919	1	00059007	          	33	0	2018/02/06  07:49:46
45920	1	00059007	          	33	0	2018/02/06  07:49:47
45921	1	00061001	          	33	0	2018/02/06  07:51:23
45922	1	00056038	          	33	0	2018/02/06  07:53:32
45923	1	00056038	          	33	0	2018/02/06  07:53:33
45924	1	00060012	          	33	0	2018/02/06  07:58:49
45925	1	00059010	          	33	0	2018/02/06  07:58:53
45926	1	00056016	          	33	0	2018/02/06  08:00:13
45927	1	00058004	          	33	0	2018/02/06  08:04:19
45928	1	00056027	          	33	0	2018/02/06  08:07:00
45929	1	00060010	          	33	0	2018/02/06  17:00:14
45930	1	00056007	          	33	0	2018/02/06  17:02:00
45931	1	00056007	          	33	0	2018/02/06  17:02:06
45932	1	00058001	          	33	0	2018/02/06  17:02:09
45933	1	00060006	          	33	0	2018/02/06  17:02:17
45934	1	00056010	          	33	0	2018/02/06  17:02:27
45935	1	00056009	          	33	0	2018/02/06  17:02:39
45936	1	00059007	          	33	0	2018/02/06  17:03:02
45937	1	00059007	          	33	0	2018/02/06  17:03:03
45938	1	00061001	          	33	0	2018/02/06  17:04:08
45939	1	00056038	          	33	0	2018/02/06  17:04:16
45940	1	00056038	          	33	0	2018/02/06  17:04:17
45941	1	00060011	          	33	0	2018/02/06  17:04:19
45942	1	00056022	          	33	0	2018/02/06  17:04:52
45943	1	00059010	          	33	0	2018/02/06  17:05:24
45944	1	00056008	          	33	0	2018/02/06  17:07:46
45945	1	00058004	          	33	0	2018/02/06  17:08:22
45946	1	00056027	          	33	0	2018/02/06  17:09:09
45947	1	00060013	          	33	0	2018/02/06  17:10:48
45948	1	00060015	          	33	0	2018/02/06  17:10:51
45949	1	00060012	          	33	0	2018/02/06  17:12:55
45950	1	00058004	          	33	0	2018/02/06  17:12:56
45951	1	00056016	          	33	0	2018/02/06  17:13:46
45952	1	00056031	          	33	0	2018/02/06  17:32:23
45953	1	00057001	          	33	0	2018/02/06  18:44:43
45954	1	00056001	          	33	0	2018/02/06  18:45:10
45955	1	00058001	          	33	0	2018/02/07  06:51:19
45956	1	00057001	          	33	0	2018/02/07  07:04:21
45957	1	00060015	          	33	0	2018/02/07  07:14:59
45958	1	00056010	          	33	0	2018/02/07  07:20:34
45959	1	00056031	          	33	0	2018/02/07  07:20:47
45960	1	00060010	          	33	0	2018/02/07  07:34:36
45961	1	00060010	          	33	0	2018/02/07  07:35:33
45962	1	00060013	          	33	0	2018/02/07  07:37:03
45963	1	00056001	          	33	0	2018/02/07  07:38:01
45964	1	00060006	          	33	0	2018/02/07  07:40:58
45965	1	00056038	          	33	0	2018/02/07  07:43:51
45966	1	00056038	          	33	0	2018/02/07  07:43:52
45967	1	00056009	          	33	0	2018/02/07  07:46:09
45968	1	00056009	          	33	0	2018/02/07  07:46:10
45969	1	00059007	          	33	0	2018/02/07  07:46:12
45970	1	00059007	          	33	0	2018/02/07  07:46:13
45971	1	00056022	          	33	0	2018/02/07  07:46:25
45972	1	00056022	          	33	0	2018/02/07  07:46:26
45973	1	00056008	          	33	0	2018/02/07  07:46:42
45974	1	00056007	          	33	0	2018/02/07  07:47:09
45975	1	00059003	          	33	0	2018/02/07  07:48:43
45976	1	00060011	          	33	0	2018/02/07  07:49:09
45977	1	00059010	          	33	0	2018/02/07  07:51:09
45978	1	00056016	          	33	0	2018/02/07  07:51:55
45979	1	00061001	          	33	0	2018/02/07  07:52:30
45980	1	00056027	          	33	0	2018/02/07  08:00:13
45981	1	00058004	          	33	0	2018/02/07  08:06:38
45982	1	00056010	          	33	0	2018/02/07  17:00:15
45983	1	00056008	          	33	0	2018/02/07  17:00:28
45984	1	00059010	          	33	0	2018/02/07  17:03:31
45985	1	00059007	          	33	0	2018/02/07  17:04:09
45986	1	00056007	          	33	0	2018/02/07  17:04:37
45987	1	00056009	          	33	0	2018/02/07  17:04:42
45988	1	00060006	          	33	0	2018/02/07  17:04:46
45989	1	00058001	          	33	0	2018/02/07  17:05:29
45990	1	00060010	          	33	0	2018/02/07  17:05:50
45991	1	00060011	          	33	0	2018/02/07  17:07:06
45992	1	00058004	          	33	0	2018/02/07  17:08:22
45993	1	00061001	          	33	0	2018/02/07  17:11:03
45994	1	00059003	          	33	0	2018/02/07  17:15:17
45995	1	00056016	          	33	0	2018/02/07  17:15:32
45996	1	00060015	          	33	0	2018/02/07  17:35:01
45997	1	00056038	          	33	0	2018/02/07  18:01:36
45998	1	00056027	          	33	0	2018/02/07  19:02:36
45999	1	00060012	          	33	0	2018/02/07  19:14:39
46000	1	00056031	          	33	0	2018/02/07  19:16:02
46001	1	00060013	          	33	0	2018/02/07  19:30:23
46002	1	00057001	          	33	0	2018/02/07  19:43:19
46003	1	00056001	          	33	0	2018/02/07  20:43:34
46004	1	00058001	          	33	0	2018/02/08  06:54:56
46005	1	00057001	          	33	0	2018/02/08  07:07:55
46006	1	00056010	          	33	0	2018/02/08  07:25:23
46007	1	00060015	          	33	0	2018/02/08  07:27:15
46008	1	00060010	          	33	0	2018/02/08  07:30:31
46009	1	00056009	          	33	0	2018/02/08  07:36:20
46010	1	00056009	          	33	0	2018/02/08  07:36:22
46011	1	00056031	          	33	0	2018/02/08  07:38:43
46012	1	00056008	          	33	0	2018/02/08  07:41:08
46013	1	00060013	          	33	0	2018/02/08  07:41:52
46014	1	00056038	          	33	0	2018/02/08  07:43:22
46015	1	00056038	          	33	0	2018/02/08  07:43:23
46016	1	00059007	          	33	0	2018/02/08  07:46:24
46017	1	00059007	          	33	0	2018/02/08  07:46:25
46018	1	00056022	          	33	0	2018/02/08  07:48:22
46019	1	00056022	          	33	0	2018/02/08  07:48:23
46020	1	00056007	          	33	0	2018/02/08  07:48:38
46021	1	00056007	          	33	0	2018/02/08  07:48:40
46022	1	00059003	          	33	0	2018/02/08  07:50:33
46023	1	00059010	          	33	0	2018/02/08  07:50:44
46024	1	00060011	          	33	0	2018/02/08  07:50:59
46025	1	00061001	          	33	0	2018/02/08  07:52:29
46026	1	00056016	          	33	0	2018/02/08  07:56:05
46027	1	00056027	          	33	0	2018/02/08  07:56:57
46028	1	00060012	          	33	0	2018/02/08  08:00:49
46029	1	00058004	          	33	0	2018/02/08  08:04:24
46030	1	00060010	          	33	0	2018/02/08  17:00:35
46031	1	00059003	          	33	0	2018/02/08  17:01:28
46032	1	00056010	          	33	0	2018/02/08  17:02:42
46033	1	00056022	          	33	0	2018/02/08  17:02:59
46034	1	00056022	          	33	0	2018/02/08  17:03:01
46035	1	00058004	          	33	0	2018/02/08  17:06:19
46036	1	00060011	          	33	0	2018/02/08  17:07:13
46037	1	00060011	          	33	0	2018/02/08  17:07:14
46038	1	00056009	          	33	0	2018/02/08  17:07:36
46039	1	00056007	          	33	0	2018/02/08  17:08:36
46040	1	00056007	          	33	0	2018/02/08  17:08:40
46041	1	00058001	          	33	0	2018/02/08  17:08:45
46042	1	00059007	          	33	0	2018/02/08  17:09:03
46043	1	00059007	          	33	0	2018/02/08  17:09:04
46044	1	00056008	          	33	0	2018/02/08  17:11:24
46045	1	00059010	          	33	0	2018/02/08  17:12:30
46046	1	00056016	          	33	0	2018/02/08  17:21:39
46047	1	00061001	          	33	0	2018/02/08  17:21:58
46048	1	00056027	          	33	0	2018/02/08  17:38:08
46049	1	00060012	          	33	0	2018/02/08  17:38:17
46050	1	00060015	          	33	0	2018/02/08  17:46:38
46051	1	00056038	          	33	0	2018/02/08  17:53:30
46052	1	00060013	          	33	0	2018/02/08  18:00:05
46053	1	00058001	          	33	0	2018/02/09  06:39:18
46054	1	00057001	          	33	0	2018/02/09  06:49:11
46055	1	00056010	          	33	0	2018/02/09  07:24:30
46056	1	00056031	          	33	0	2018/02/09  07:25:37
46057	1	00060006	          	33	0	2018/02/09  07:26:23
46058	1	00060015	          	33	0	2018/02/09  07:26:28
46059	1	00056009	          	33	0	2018/02/09  07:37:51
46060	1	00060010	          	33	0	2018/02/09  07:38:02
46061	1	00056009	          	33	0	2018/02/09  07:38:05
46062	1	00059003	          	33	0	2018/02/09  07:40:17
46063	1	00056038	          	33	0	2018/02/09  07:42:56
46064	1	00060013	          	33	0	2018/02/09  07:43:47
46065	1	00059010	          	33	0	2018/02/09  07:44:12
46066	1	00060012	          	33	0	2018/02/09  07:44:26
46067	1	00060012	          	33	0	2018/02/09  07:45:13
46068	1	00056008	          	33	0	2018/02/09  07:47:40
46069	1	00059007	          	33	0	2018/02/09  07:50:15
46070	1	00059007	          	33	0	2018/02/09  07:50:16
46071	1	00059007	          	33	0	2018/02/09  07:50:17
46072	1	00056007	          	33	0	2018/02/09  07:50:45
46073	1	00061001	          	33	0	2018/02/09  07:51:40
46074	1	00056027	          	33	0	2018/02/09  07:59:58
46075	1	00060011	          	33	0	2018/02/09  08:00:32
46076	1	00056016	          	33	0	2018/02/09  08:08:39
46077	1	00058004	          	33	0	2018/02/09  08:08:44
46078	1	00056001	          	33	0	2018/02/09  12:00:15
46079	1	00056009	          	33	0	2018/02/09  17:00:02
46080	1	00056009	          	33	0	2018/02/09  17:00:07
46081	1	00056009	          	33	0	2018/02/09  17:00:08
46082	1	00060010	          	33	0	2018/02/09  17:00:13
46083	1	00056007	          	33	0	2018/02/09  17:00:25
46084	1	00056007	          	33	0	2018/02/09  17:00:43
46085	1	00056007	          	33	0	2018/02/09  17:00:47
46086	1	00059007	          	33	0	2018/02/09  17:01:02
46087	1	00059007	          	33	0	2018/02/09  17:01:03
46088	1	00056010	          	33	0	2018/02/09  17:01:18
46089	1	00058001	          	33	0	2018/02/09  17:03:21
46090	1	00059003	          	33	0	2018/02/09  17:03:46
46091	1	00060006	          	33	0	2018/02/09  17:03:52
46092	1	00056027	          	33	0	2018/02/09  17:04:29
46093	1	00060011	          	33	0	2018/02/09  17:06:19
46094	1	00056008	          	33	0	2018/02/09  17:08:35
46095	1	00060015	          	33	0	2018/02/09  17:09:27
46096	1	00059010	          	33	0	2018/02/09  17:10:37
46097	1	00061001	          	33	0	2018/02/09  17:11:08
46098	1	00056016	          	33	0	2018/02/09  17:11:55
46099	1	00057001	          	33	0	2018/02/09  17:23:24
46100	1	00060012	          	33	0	2018/02/09  17:32:50
46101	1	00056038	          	33	0	2018/02/09  18:00:04
46102	1	00060013	          	33	0	2018/02/09  18:00:21
46103	1	00056031	          	33	0	2018/02/09  18:00:44
46104	1	00056001	          	33	0	2018/02/09  19:39:14
46105	1	00056031	          	33	0	2018/02/10  07:11:43
46106	1	00058001	          	33	0	2018/02/10  07:11:51
46107	1	00056010	          	33	0	2018/02/10  07:23:52
46108	1	00056009	          	33	0	2018/02/10  07:24:34
46109	1	00056009	          	33	0	2018/02/10  07:24:36
46110	1	00056010	          	33	0	2018/02/10  07:27:20
46111	1	00060010	          	33	0	2018/02/10  07:32:40
46112	1	00056038	          	33	0	2018/02/10  07:37:52
46113	1	00059003	          	33	0	2018/02/10  07:40:35
46114	1	00060006	          	33	0	2018/02/10  07:41:56
46115	1	00059007	          	33	0	2018/02/10  07:44:21
46116	1	00059010	          	33	0	2018/02/10  07:56:46
46117	1	00056027	          	33	0	2018/02/10  07:59:30
46118	1	00056016	          	33	0	2018/02/10  08:02:33
46119	1	00060011	          	33	0	2018/02/10  08:03:52
46120	1	00056007	          	33	0	2018/02/10  08:05:17
46121	1	00056007	          	33	0	2018/02/10  08:05:24
46122	1	00060012	          	33	0	2018/02/10  08:09:31
46123	1	00060010	          	33	0	2018/02/10  17:00:07
46124	1	00060011	          	33	0	2018/02/10  17:00:17
46125	1	00060012	          	33	0	2018/02/10  17:00:30
46126	1	00058001	          	33	0	2018/02/10  17:00:34
46127	1	00056010	          	33	0	2018/02/10  17:00:40
46128	1	00056031	          	33	0	2018/02/10  17:00:51
46129	1	00059007	          	33	0	2018/02/10  17:00:57
46130	1	00059007	          	33	0	2018/02/10  17:00:58
46131	1	00059007	          	33	0	2018/02/10  17:00:59
46132	1	00060006	          	33	0	2018/02/10  17:01:13
46133	1	00060015	          	33	0	2018/02/10  17:01:18
46134	1	00056038	          	33	0	2018/02/10  17:01:36
46135	1	00056038	          	33	0	2018/02/10  17:01:37
46136	1	00056016	          	33	0	2018/02/10  17:01:54
46137	1	00056009	          	33	0	2018/02/10  17:02:09
46138	1	00056009	          	33	0	2018/02/10  17:02:10
46139	1	00056007	          	33	0	2018/02/10  17:02:52
46140	1	00056007	          	33	0	2018/02/10  17:02:54
46141	1	00056027	          	33	0	2018/02/10  17:03:43
46142	1	00059003	          	33	0	2018/02/10  17:04:59
46143	1	00059010	          	33	0	2018/02/10  17:08:47
46144	1	00059010	          	33	0	2018/02/10  17:10:27
46145	1	00058001	          	33	0	2018/02/12  06:45:01
46146	1	00057001	          	33	0	2018/02/12  06:54:12
46147	1	00056038	          	33	0	2018/02/12  07:12:18
46148	1	00056038	          	33	0	2018/02/12  07:12:18
46149	1	00056031	          	33	0	2018/02/12  07:13:38
46150	1	00056010	          	33	0	2018/02/12  07:23:12
46151	1	00060006	          	33	0	2018/02/12  07:34:10
46152	1	00060010	          	33	0	2018/02/12  07:35:57
46153	1	00059003	          	33	0	2018/02/12  07:39:45
46154	1	00059007	          	33	0	2018/02/12  07:41:12
46155	1	00059007	          	33	0	2018/02/12  07:41:13
46156	1	00056007	          	33	0	2018/02/12  07:45:05
46157	1	00056022	          	33	0	2018/02/12  07:45:22
46158	1	00060015	          	33	0	2018/02/12  07:45:43
46159	1	00060013	          	33	0	2018/02/12  07:46:01
46160	1	00056001	          	33	0	2018/02/12  07:47:21
46161	1	00059010	          	33	0	2018/02/12  07:52:06
46162	1	00060012	          	33	0	2018/02/12  07:53:58
46163	1	00061001	          	33	0	2018/02/12  07:54:44
46164	1	00056016	          	33	0	2018/02/12  07:55:22
46165	1	00058004	          	33	0	2018/02/12  08:03:08
46166	1	00056027	          	33	0	2018/02/12  08:05:14
46167	1	00060010	          	33	0	2018/02/12  17:00:06
46168	1	00056010	          	33	0	2018/02/12  17:00:25
46169	1	00056007	          	33	0	2018/02/12  17:00:51
46170	1	00056001	          	33	0	2018/02/12  17:00:53
46171	1	00056007	          	33	0	2018/02/12  17:00:55
46172	1	00060012	          	33	0	2018/02/12  17:01:02
46173	1	00059007	          	33	0	2018/02/12  17:01:07
46174	1	00056022	          	33	0	2018/02/12  17:01:13
46175	1	00056022	          	33	0	2018/02/12  17:01:19
46176	1	00056022	          	33	0	2018/02/12  17:01:21
46177	1	00059003	          	33	0	2018/02/12  17:01:45
46178	1	00058001	          	33	0	2018/02/12  17:01:53
46179	1	00056016	          	33	0	2018/02/12  17:02:02
46180	1	00058004	          	33	0	2018/02/12  17:04:03
46181	1	00056027	          	33	0	2018/02/12  17:04:23
46182	1	00058004	          	33	0	2018/02/12  17:05:28
46183	1	00060006	          	33	0	2018/02/12  17:05:49
46184	1	00061001	          	33	0	2018/02/12  17:06:21
46185	1	00059010	          	33	0	2018/02/12  17:07:34
46186	1	00060015	          	33	0	2018/02/12  17:13:47
46187	1	00060013	          	33	0	2018/02/12  17:17:05
46188	1	00056031	          	33	0	2018/02/12  17:19:17
46189	1	00057001	          	33	0	2018/02/12  17:47:12
46190	1	00056038	          	33	0	2018/02/12  18:11:39
46191	1	00056001	          	33	0	2018/02/13  05:00:41
46192	1	00058001	          	33	0	2018/02/13  06:36:19
46193	1	00057001	          	33	0	2018/02/13  06:49:38
46194	1	00056010	          	33	0	2018/02/13  07:22:07
46195	1	00056031	          	33	0	2018/02/13  07:25:35
46196	1	00060006	          	33	0	2018/02/13  07:26:46
46197	1	00059003	          	33	0	2018/02/13  07:28:24
46198	1	00056009	          	33	0	2018/02/13  07:32:11
46199	1	00060010	          	33	0	2018/02/13  07:32:41
46200	1	00060013	          	33	0	2018/02/13  07:34:04
46201	1	00056038	          	33	0	2018/02/13  07:43:30
46202	1	00059007	          	33	0	2018/02/13  07:43:45
46203	1	00059007	          	33	0	2018/02/13  07:43:47
46204	1	00059007	          	33	0	2018/02/13  07:43:48
46205	1	00056008	          	33	0	2018/02/13  07:45:54
46206	1	00056007	          	33	0	2018/02/13  07:49:30
46207	1	00056007	          	33	0	2018/02/13  07:49:32
46208	1	00056022	          	33	0	2018/02/13  07:51:06
46209	1	00060012	          	33	0	2018/02/13  07:51:08
46210	1	00061001	          	33	0	2018/02/13  07:52:52
46211	1	00060011	          	33	0	2018/02/13  07:53:02
46212	1	00058004	          	33	0	2018/02/13  07:56:45
46213	1	00059010	          	33	0	2018/02/13  07:56:49
46214	1	00056016	          	33	0	2018/02/13  08:03:40
46215	1	00059003	          	33	0	2018/02/13  17:01:37
46216	1	00060010	          	33	0	2018/02/13  17:03:51
46217	1	00060010	          	33	0	2018/02/13  17:03:53
46218	1	00060011	          	33	0	2018/02/13  17:04:07
46219	1	00061001	          	33	0	2018/02/13  17:04:13
46220	1	00060012	          	33	0	2018/02/13  17:04:59
46221	1	00058001	          	33	0	2018/02/13  17:06:33
46222	1	00060006	          	33	0	2018/02/13  17:07:06
46223	1	00056038	          	33	0	2018/02/13  17:07:31
46224	1	00056007	          	33	0	2018/02/13  17:08:34
46225	1	00056007	          	33	0	2018/02/13  17:08:36
46226	1	00056010	          	33	0	2018/02/13  17:08:54
46227	1	00059007	          	33	0	2018/02/13  17:09:09
46228	1	00056009	          	33	0	2018/02/13  17:09:12
46229	1	00058004	          	33	0	2018/02/13  17:09:33
46230	1	00056022	          	33	0	2018/02/13  17:09:42
46231	1	00058004	          	33	0	2018/02/13  17:11:32
46232	1	00059010	          	33	0	2018/02/13  17:12:16
46233	1	00060013	          	33	0	2018/02/13  17:12:50
46234	1	00056016	          	33	0	2018/02/13  17:14:23
46235	1	00056008	          	33	0	2018/02/13  17:41:09
46236	1	00056001	          	33	0	2018/02/13  17:53:26
46237	1	00056031	          	33	0	2018/02/13  18:17:29
46238	1	00057001	          	33	0	2018/02/14  06:46:21
46239	1	00058001	          	33	0	2018/02/14  06:46:50
46240	1	00056038	          	33	0	2018/02/14  07:15:30
46241	1	00056010	          	33	0	2018/02/14  07:22:49
46242	1	00056010	          	33	0	2018/02/14  07:28:00
46243	1	00060006	          	33	0	2018/02/14  07:28:19
46244	1	00056031	          	33	0	2018/02/14  07:30:39
46245	1	00056009	          	33	0	2018/02/14  07:34:55
46246	1	00059003	          	33	0	2018/02/14  07:40:34
46247	1	00060010	          	33	0	2018/02/14  07:41:47
46248	1	00059003	          	33	0	2018/02/14  07:41:53
46249	1	00056022	          	33	0	2018/02/14  07:44:51
46250	1	00056022	          	33	0	2018/02/14  07:44:52
46251	1	00056007	          	33	0	2018/02/14  07:45:00
46252	1	00056007	          	33	0	2018/02/14  07:45:02
46253	1	00056008	          	33	0	2018/02/14  07:45:11
46254	1	00056008	          	33	0	2018/02/14  07:45:12
46255	1	00060013	          	33	0	2018/02/14  07:47:50
46256	1	00061001	          	33	0	2018/02/14  07:54:04
46257	1	00060011	          	33	0	2018/02/14  07:54:35
46258	1	00058004	          	33	0	2018/02/14  07:55:12
46259	1	00059010	          	33	0	2018/02/14  07:55:16
46260	1	00056027	          	33	0	2018/02/14  07:55:25
46261	1	00056016	          	33	0	2018/02/14  08:00:28
46262	1	00060012	          	33	0	2018/02/14  08:03:07
46263	1	00059007	          	33	0	2018/02/14  08:08:12
46264	1	00059007	          	33	0	2018/02/14  08:08:13
46265	1	00056001	          	33	0	2018/02/14  11:59:25
46266	1	00060015	          	33	0	2018/02/14  17:00:11
46267	1	00060010	          	33	0	2018/02/14  17:00:25
46268	1	00059003	          	33	0	2018/02/14  17:01:47
46269	1	00058001	          	33	0	2018/02/14  17:02:13
46270	1	00056010	          	33	0	2018/02/14  17:02:29
46271	1	00060006	          	33	0	2018/02/14  17:03:13
46272	1	00060011	          	33	0	2018/02/14  17:03:38
46273	1	00058004	          	33	0	2018/02/14  17:04:27
46274	1	00059007	          	33	0	2018/02/14  17:04:32
46275	1	00059007	          	33	0	2018/02/14  17:04:33
46276	1	00056022	          	33	0	2018/02/14  17:04:36
46277	1	00056007	          	33	0	2018/02/14  17:04:44
46278	1	00056007	          	33	0	2018/02/14  17:04:46
46279	1	00061001	          	33	0	2018/02/14  17:04:51
46280	1	00056022	          	33	0	2018/02/14  17:05:45
46281	1	00060012	          	33	0	2018/02/14  17:08:11
46282	1	00056016	          	33	0	2018/02/14  17:08:18
46283	1	00059010	          	33	0	2018/02/14  17:09:18
46284	1	00056016	          	33	0	2018/02/14  17:09:30
46285	1	00056038	          	33	0	2018/02/14  17:21:51
46286	1	00056008	          	33	0	2018/02/14  17:25:15
46287	1	00056027	          	33	0	2018/02/14  17:38:54
46288	1	00057001	          	33	0	2018/02/14  17:39:07
46289	1	00060013	          	33	0	2018/02/14  18:00:03
46290	1	00056031	          	33	0	2018/02/14  18:01:31
46291	1	00056001	          	33	0	2018/02/14  18:39:11
46292	1	00056010	          	33	0	2018/02/15  07:18:05
46293	1	00058001	          	33	0	2018/02/15  07:18:20
46294	1	00056031	          	33	0	2018/02/15  07:19:14
46295	1	00060006	          	33	0	2018/02/15  07:27:59
46296	1	00056001	          	33	0	2018/02/15  07:28:19
46297	1	00060015	          	33	0	2018/02/15  07:33:23
46298	1	00056009	          	33	0	2018/02/15  07:37:54
46299	1	00059003	          	33	0	2018/02/15  07:38:06
46300	1	00060013	          	33	0	2018/02/15  07:40:40
46301	1	00056008	          	33	0	2018/02/15  07:41:15
46302	1	00060010	          	33	0	2018/02/15  07:41:19
46303	1	00056038	          	33	0	2018/02/15  07:42:20
46304	1	00056022	          	33	0	2018/02/15  07:48:54
46305	1	00056022	          	33	0	2018/02/15  07:48:55
46306	1	00061001	          	33	0	2018/02/15  07:50:19
46307	1	00056027	          	33	0	2018/02/15  07:52:48
46308	1	00060012	          	33	0	2018/02/15  07:53:49
46309	1	00059010	          	33	0	2018/02/15  07:53:53
46310	1	00056016	          	33	0	2018/02/15  07:55:25
46311	1	00056016	          	33	0	2018/02/15  07:58:03
46312	1	00058004	          	33	0	2018/02/15  07:59:09
46313	1	00060011	          	33	0	2018/02/15  08:01:19
46314	1	00059007	          	33	0	2018/02/15  08:05:53
46315	1	00059007	          	33	0	2018/02/15  08:06:10
46316	1	00060010	          	33	0	2018/02/15  08:34:56
46317	1	00056010	          	33	0	2018/02/15  17:01:57
46318	1	00060011	          	33	0	2018/02/15  17:02:59
46319	1	00056022	          	33	0	2018/02/15  17:03:12
46320	1	00059003	          	33	0	2018/02/15  17:03:26
46321	1	00056009	          	33	0	2018/02/15  17:03:47
46322	1	00056009	          	33	0	2018/02/15  17:03:48
46323	1	00059007	          	33	0	2018/02/15  17:04:19
46324	1	00058001	          	33	0	2018/02/15  17:05:18
46325	1	00061001	          	33	0	2018/02/15  17:05:50
46326	1	00060006	          	33	0	2018/02/15  17:06:06
46327	1	00056016	          	33	0	2018/02/15  17:31:31
46328	1	00058004	          	33	0	2018/02/15  17:32:01
46329	1	00059010	          	33	0	2018/02/15  17:38:05
46330	1	00060012	          	33	0	2018/02/15  17:40:48
46331	1	00059010	          	33	0	2018/02/15  17:41:50
46332	1	00056038	          	33	0	2018/02/15  18:10:47
46333	1	00056038	          	33	0	2018/02/15  18:10:48
46334	1	00056038	          	33	0	2018/02/15  18:12:40
46335	1	00056038	          	33	0	2018/02/15  18:12:41
46336	1	00060013	          	33	0	2018/02/15  18:14:15
46337	1	00056008	          	33	0	2018/02/15  18:44:44
46338	1	00056031	          	33	0	2018/02/15  18:51:52
46339	1	00060015	          	33	0	2018/02/15  19:01:22
46340	1	00058001	          	33	0	2018/02/16  06:45:45
46341	1	00057001	          	33	0	2018/02/16  07:08:26
46342	1	00060015	          	33	0	2018/02/16  07:18:13
46343	1	00056031	          	33	0	2018/02/16  07:20:04
46344	1	00056009	          	33	0	2018/02/16  07:20:42
46345	1	00056009	          	33	0	2018/02/16  07:20:43
46346	1	00056010	          	33	0	2018/02/16  07:24:51
46347	1	00060006	          	33	0	2018/02/16  07:26:03
46348	1	00056038	          	33	0	2018/02/16  07:31:02
46349	1	00056010	          	33	0	2018/02/16  07:33:19
46350	1	00059003	          	33	0	2018/02/16  07:34:42
46351	1	00060013	          	33	0	2018/02/16  07:36:03
46352	1	00056001	          	33	0	2018/02/16  07:43:50
46353	1	00056008	          	33	0	2018/02/16  07:45:50
46354	1	00058003	          	33	0	2018/02/16  07:48:09
46355	1	00058003	          	33	0	2018/02/16  07:48:10
46356	1	00059003	          	33	0	2018/02/16  07:49:43
46357	1	00061001	          	33	0	2018/02/16  07:49:50
46358	1	00058004	          	33	0	2018/02/16  07:53:03
46359	1	00059010	          	33	0	2018/02/16  07:53:07
46360	1	00060012	          	33	0	2018/02/16  07:57:04
46361	1	00060011	          	33	0	2018/02/16  07:57:46
46362	1	00056016	          	33	0	2018/02/16  07:59:13
46363	1	00060010	          	33	0	2018/02/16  08:00:00
46364	1	00059007	          	33	0	2018/02/16  08:01:19
46365	1	00059007	          	33	0	2018/02/16  08:01:20
46366	1	00056027	          	33	0	2018/02/16  08:04:00
46367	1	00059007	          	33	0	2018/02/16  11:57:02
46368	1	00059007	          	33	0	2018/02/16  11:57:03
46369	1	00056038	          	33	0	2018/02/16  17:00:14
46370	1	00057001	          	33	0	2018/02/16  17:01:09
46371	1	00060011	          	33	0	2018/02/16  17:01:26
46372	1	00058003	          	33	0	2018/02/16  17:18:30
46373	1	00059010	          	33	0	2018/02/16  17:21:25
46374	1	00058004	          	33	0	2018/02/16  17:23:20
46375	1	00060013	          	33	0	2018/02/16  17:32:00
46376	1	00060015	          	33	0	2018/02/16  18:41:09
46377	1	00059003	          	33	0	2018/02/16  19:02:45
46378	1	00056008	          	33	0	2018/02/16  19:04:17
46379	1	00060012	          	33	0	2018/02/16  19:05:59
46380	1	00060010	          	33	0	2018/02/16  19:08:10
46381	1	00056027	          	33	0	2018/02/16  19:10:20
46382	1	00056009	          	33	0	2018/02/16  19:11:19
46383	1	00056009	          	33	0	2018/02/16  19:11:20
46384	1	00056010	          	33	0	2018/02/16  19:11:28
46385	1	00060006	          	33	0	2018/02/16  19:13:20
46386	1	00058001	          	33	0	2018/02/16  19:13:34
46387	1	00056016	          	33	0	2018/02/16  19:13:39
46388	1	00056001	          	33	0	2018/02/16  19:38:22
46389	1	00056031	          	33	0	2018/02/16  19:38:31
46390	1	00056031	          	33	0	2018/02/17  07:34:52
46391	1	00060013	          	33	0	2018/02/17  07:42:57
46392	1	00056027	          	33	0	2018/02/17  08:00:33
46393	1	00056027	          	33	0	2018/02/17  17:02:46
46394	1	00060013	          	33	0	2018/02/17  17:05:24
46395	1	00056031	          	33	0	2018/02/17  17:32:09
46396	1	00056031	          	33	0	2018/02/19  06:30:23
46397	1	00057001	          	33	0	2018/02/19  06:44:05
46398	1	00058001	          	33	0	2018/02/19  06:44:56
46399	1	00060012	          	33	0	2018/02/19  07:21:27
46400	1	00056010	          	33	0	2018/02/19  07:30:25
46401	1	00056009	          	33	0	2018/02/19  07:30:52
46402	1	00059003	          	33	0	2018/02/19  07:32:12
46403	1	00056038	          	33	0	2018/02/19  07:35:42
46404	1	00060013	          	33	0	2018/02/19  07:40:27
46405	1	00056001	          	33	0	2018/02/19  07:43:02
46406	1	00059007	          	33	0	2018/02/19  07:45:52
46407	1	00059007	          	33	0	2018/02/19  07:45:53
46408	1	00058004	          	33	0	2018/02/19  07:49:02
46409	1	00056008	          	33	0	2018/02/19  07:49:48
46410	1	00061001	          	33	0	2018/02/19  07:50:50
46411	1	00056016	          	33	0	2018/02/19  07:54:03
46412	1	00060011	          	33	0	2018/02/19  07:57:43
46413	1	00059010	          	33	0	2018/02/19  07:57:52
46414	1	00056027	          	33	0	2018/02/19  07:58:29
46415	1	00060011	          	33	0	2018/02/19  17:03:04
46416	1	00061001	          	33	0	2018/02/19  17:06:06
46417	1	00056038	          	33	0	2018/02/19  17:12:16
46418	1	00056038	          	33	0	2018/02/19  17:12:18
46419	1	00056009	          	33	0	2018/02/19  17:19:34
46420	1	00058004	          	33	0	2018/02/19  17:19:54
46421	1	00056010	          	33	0	2018/02/19  17:20:02
46422	1	00059007	          	33	0	2018/02/19  17:20:06
46423	1	00059007	          	33	0	2018/02/19  17:20:07
46424	1	00059003	          	33	0	2018/02/19  17:20:32
46425	1	00058001	          	33	0	2018/02/19  17:21:11
46426	1	00059010	          	33	0	2018/02/19  17:29:02
46427	1	00056016	          	33	0	2018/02/19  17:29:43
46428	1	00057001	          	33	0	2018/02/19  17:30:37
46429	1	00060012	          	33	0	2018/02/19  17:31:26
46430	1	00060013	          	33	0	2018/02/19  18:00:34
46431	1	00056008	          	33	0	2018/02/19  18:04:56
46432	1	00056027	          	33	0	2018/02/19  18:05:17
46433	1	00056031	          	33	0	2018/02/19  18:48:10
46434	1	00056001	          	33	0	2018/02/19  20:26:35
46435	1	00057001	          	33	0	2018/02/20  06:20:56
46436	1	00058001	          	33	0	2018/02/20  06:50:43
46437	1	00056031	          	33	0	2018/02/20  07:04:58
46438	1	00056010	          	33	0	2018/02/20  07:22:33
46439	1	00056009	          	33	0	2018/02/20  07:23:19
46440	1	00056009	          	33	0	2018/02/20  07:23:20
46441	1	00060010	          	33	0	2018/02/20  07:26:31
46442	1	00060015	          	33	0	2018/02/20  07:30:36
46443	1	00060006	          	33	0	2018/02/20  07:34:53
46444	1	00056038	          	33	0	2018/02/20  07:38:53
46445	1	00060012	          	33	0	2018/02/20  07:39:22
46446	1	00056008	          	33	0	2018/02/20  07:49:47
46447	1	00060013	          	33	0	2018/02/20  07:51:03
46448	1	00059010	          	33	0	2018/02/20  07:53:10
46449	1	00059007	          	33	0	2018/02/20  07:54:16
46450	1	00059007	          	33	0	2018/02/20  07:54:17
46451	1	00059007	          	33	0	2018/02/20  07:54:18
46452	1	00061001	          	33	0	2018/02/20  07:54:56
46453	1	00060011	          	33	0	2018/02/20  07:59:15
46454	1	00056027	          	33	0	2018/02/20  08:05:07
46455	1	00056001	          	33	0	2018/02/20  13:20:17
46456	1	00061001	          	33	0	2018/02/20  17:00:03
46457	1	00056010	          	33	0	2018/02/20  17:01:02
46458	1	00056009	          	33	0	2018/02/20  17:01:28
46459	1	00059007	          	33	0	2018/02/20  17:01:36
46460	1	00059007	          	33	0	2018/02/20  17:01:37
46461	1	00060011	          	33	0	2018/02/20  17:02:59
46462	1	00056038	          	33	0	2018/02/20  17:25:34
46463	1	00060012	          	33	0	2018/02/20  17:30:09
46464	1	00060013	          	33	0	2018/02/20  18:10:06
46465	1	00057001	          	33	0	2018/02/20  18:40:51
46466	1	00060015	          	33	0	2018/02/20  19:13:45
46467	1	00060010	          	33	0	2018/02/20  20:00:11
46468	1	00056008	          	33	0	2018/02/20  20:00:23
46469	1	00059010	          	33	0	2018/02/20  20:00:32
46470	1	00060006	          	33	0	2018/02/20  20:00:39
46471	1	00058001	          	33	0	2018/02/20  20:01:30
46472	1	00056027	          	33	0	2018/02/20  20:01:59
46473	1	00056031	          	33	0	2018/02/20  20:03:56
46474	1	00058001	          	33	0	2018/02/21  07:10:22
46475	1	00056038	          	33	0	2018/02/21  07:14:08
46476	1	00057001	          	33	0	2018/02/21  07:14:24
46477	1	00056031	          	33	0	2018/02/21  07:22:31
46478	1	00056010	          	33	0	2018/02/21  07:31:40
46479	1	00060012	          	33	0	2018/02/21  07:31:41
46480	1	00056010	          	33	0	2018/02/21  07:31:49
46481	1	00056009	          	33	0	2018/02/21  07:32:27
46482	1	00056009	          	33	0	2018/02/21  07:32:28
46483	1	00060010	          	33	0	2018/02/21  07:33:41
46484	1	00060006	          	33	0	2018/02/21  07:37:13
46485	1	00059007	          	33	0	2018/02/21  07:42:56
46486	1	00059007	          	33	0	2018/02/21  07:42:58
46487	1	00059007	          	33	0	2018/02/21  07:42:59
46488	1	00060013	          	33	0	2018/02/21  07:43:13
46489	1	00059003	          	33	0	2018/02/21  07:48:07
46490	1	00056016	          	33	0	2018/02/21  07:48:28
46491	1	00059010	          	33	0	2018/02/21  07:52:00
46492	1	00058004	          	33	0	2018/02/21  07:52:13
46493	1	00058004	          	33	0	2018/02/21  07:54:48
46494	1	00056001	          	33	0	2018/02/21  07:54:50
46495	1	00056001	          	33	0	2018/02/21  07:54:51
46496	1	00060011	          	33	0	2018/02/21  08:05:51
46497	1	00056027	          	33	0	2018/02/21  08:06:24
46498	1	00060010	          	33	0	2018/02/21  17:03:29
46499	1	00060010	          	33	0	2018/02/21  17:03:31
46500	1	00059003	          	33	0	2018/02/21  17:05:03
46501	1	00058001	          	33	0	2018/02/21  17:07:47
46502	1	00060012	          	33	0	2018/02/21  17:08:02
46503	1	00056010	          	33	0	2018/02/21  17:08:52
46504	1	00060006	          	33	0	2018/02/21  17:09:40
46505	1	00060013	          	33	0	2018/02/21  17:10:07
46506	1	00058004	          	33	0	2018/02/21  17:11:35
46507	1	00059007	          	33	0	2018/02/21  17:11:41
46508	1	00059007	          	33	0	2018/02/21  17:11:42
46509	1	00060011	          	33	0	2018/02/21  17:12:02
46510	1	00056009	          	33	0	2018/02/21  17:12:41
46511	1	00056027	          	33	0	2018/02/21  17:13:29
46512	1	00059010	          	33	0	2018/02/21  17:16:09
46513	1	00056016	          	33	0	2018/02/21  17:21:21
46514	1	00056001	          	33	0	2018/02/21  17:21:57
46515	1	00056031	          	33	0	2018/02/21  17:25:27
46516	1	00056038	          	33	0	2018/02/21  17:31:18
46517	1	00057001	          	33	0	2018/02/21  17:31:24
46518	1	00060015	          	33	0	2018/02/21  17:39:37
46519	1	00058001	          	33	0	2018/02/22  06:50:16
46520	1	00057001	          	33	0	2018/02/22  07:06:16
46521	1	00056031	          	33	0	2018/02/22  07:16:04
46522	1	00060006	          	33	0	2018/02/22  07:23:49
46523	1	00056010	          	33	0	2018/02/22  07:26:36
46524	1	00056009	          	33	0	2018/02/22  07:27:17
46525	1	00060012	          	33	0	2018/02/22  07:37:54
46526	1	00060010	          	33	0	2018/02/22  07:38:30
46527	1	00059003	          	33	0	2018/02/22  07:41:01
46528	1	00056038	          	33	0	2018/02/22  07:42:13
46529	1	00059007	          	33	0	2018/02/22  07:44:03
46530	1	00059007	          	33	0	2018/02/22  07:44:08
46531	1	00056008	          	33	0	2018/02/22  07:46:01
46532	1	00059010	          	33	0	2018/02/22  07:50:31
46533	1	00058004	          	33	0	2018/02/22  07:52:33
46534	1	00056016	          	33	0	2018/02/22  07:55:24
46535	1	00060011	          	33	0	2018/02/22  07:55:44
46536	1	00056027	          	33	0	2018/02/22  07:56:28
