No	Mchn	EnNo		Name		Mode	IOMd	DateTime	
14593	1	00059030	          	33	0	2018/01/20  07:14:34
14594	1	00059030	          	33	0	2018/01/20  07:14:36
14595	1	00060001	          	33	0	2018/01/20  07:40:58
14596	1	00060001	          	33	0	2018/01/20  07:41:01
14597	1	00059018	          	33	0	2018/01/20  07:41:07
14598	1	00059018	          	33	0	2018/01/20  07:41:09
14599	1	00060003	          	33	0	2018/01/20  07:43:33
14600	1	00060002	          	33	0	2018/01/20  07:43:46
14601	1	00060002	          	33	0	2018/01/20  07:43:48
14602	1	00060002	          	33	0	2018/01/20  07:44:38
14603	1	00059017	          	33	0	2018/01/20  07:45:15
14604	1	00059017	          	33	0	2018/01/20  07:45:17
14605	1	00059017	          	33	0	2018/01/20  07:45:18
14606	1	00059024	          	33	0	2018/01/20  07:51:21
14607	1	00059024	          	33	0	2018/01/20  07:51:23
14608	1	00059021	          	33	0	2018/01/20  07:58:46
14609	1	00059020	          	33	0	2018/01/20  08:00:08
14610	1	00059021	          	33	0	2018/01/20  17:00:03
14611	1	00059020	          	33	0	2018/01/20  17:00:07
14612	1	00059017	          	33	0	2018/01/20  17:00:10
14613	1	00059017	          	33	0	2018/01/20  17:00:11
14614	1	00059017	          	33	0	2018/01/20  17:00:13
14615	1	00059024	          	33	0	2018/01/20  17:00:16
14616	1	00059024	          	33	0	2018/01/20  17:00:25
14617	1	00060002	          	33	0	2018/01/20  17:00:29
14618	1	00059030	          	33	0	2018/01/20  17:00:31
14619	1	00059030	          	33	0	2018/01/20  17:00:34
14620	1	00060003	          	33	0	2018/01/20  19:30:41
14621	1	00060003	          	33	0	2018/01/20  19:32:35
14622	1	00059018	          	33	0	2018/01/20  19:36:37
14623	1	00059018	          	33	0	2018/01/20  19:36:39
14624	1	00060001	          	33	0	2018/01/20  19:41:21
14625	1	00060001	          	33	0	2018/01/20  19:41:23
14626	1	00060001	          	33	0	2018/01/21  05:21:17
14627	1	00060003	          	33	0	2018/01/21  05:21:52
14628	1	00060003	          	33	0	2018/01/21  05:22:13
14629	1	00059018	          	33	0	2018/01/21  05:24:49
14630	1	00059018	          	33	0	2018/01/21  05:24:51
14631	1	00059030	          	33	0	2018/01/22  07:17:21
14632	1	00059030	          	33	0	2018/01/22  07:17:23
14633	1	00059017	          	33	0	2018/01/22  07:43:02
14634	1	00059017	          	33	0	2018/01/22  07:43:03
14635	1	00059017	          	33	0	2018/01/22  07:43:04
14636	1	00059021	          	33	0	2018/01/22  07:50:20
14637	1	00059021	          	33	0	2018/01/22  07:50:22
14638	1	00059029	          	33	0	2018/01/22  07:54:25
14639	1	00059029	          	33	0	2018/01/22  07:54:28
14640	1	00059014	          	33	0	2018/01/22  07:54:33
14641	1	00059024	          	33	0	2018/01/22  08:00:05
14642	1	00059024	          	33	0	2018/01/22  08:00:11
14643	1	00060003	          	33	0	2018/01/22  08:11:00
14644	1	00060003	          	33	0	2018/01/22  17:01:08
14645	1	00060003	          	33	0	2018/01/22  17:01:13
14646	1	00059014	          	33	0	2018/01/22  17:19:31
14647	1	00059020	          	33	0	2018/01/22  19:40:42
14648	1	00059020	          	33	0	2018/01/22  19:42:28
14649	1	00059018	          	33	0	2018/01/22  19:48:38
14650	1	00059018	          	33	0	2018/01/22  19:48:41
14651	1	00059029	          	33	0	2018/01/22  19:50:11
14652	1	00059029	          	33	0	2018/01/22  19:50:14
14653	1	00060002	          	33	0	2018/01/22  19:56:15
14654	1	00060002	          	33	0	2018/01/22  19:56:16
14655	1	00060002	          	33	0	2018/01/22  19:59:20
14656	1	00059021	          	33	0	2018/01/22  20:20:17
14657	1	00059030	          	33	0	2018/01/22  20:20:22
14658	1	00059030	          	33	0	2018/01/22  20:20:23
14659	1	00059017	          	33	0	2018/01/22  20:20:27
14660	1	00059017	          	33	0	2018/01/22  20:20:28
14661	1	00059017	          	33	0	2018/01/22  20:20:29
14662	1	00059030	          	33	0	2018/01/23  07:20:41
14663	1	00059030	          	33	0	2018/01/23  07:20:42
14664	1	00060001	          	33	0	2018/01/23  07:21:06
14665	1	00060001	          	33	0	2018/01/23  07:21:07
14666	1	00060001	          	33	0	2018/01/23  07:21:08
14667	1	00059014	          	33	0	2018/01/23  07:22:42
14668	1	00059017	          	33	0	2018/01/23  07:40:15
14669	1	00059017	          	33	0	2018/01/23  07:40:16
14670	1	00059020	          	33	0	2018/01/23  07:41:09
14671	1	00060002	          	33	0	2018/01/23  07:41:52
14672	1	00060002	          	33	0	2018/01/23  07:41:55
14673	1	00059017	          	33	0	2018/01/23  07:42:03
14674	1	00060002	          	33	0	2018/01/23  07:42:14
14675	1	00060002	          	33	0	2018/01/23  07:42:16
14676	1	00059024	          	33	0	2018/01/23  07:49:13
14677	1	00059024	          	33	0	2018/01/23  07:49:18
14678	1	00059029	          	33	0	2018/01/23  07:50:59
14679	1	00059029	          	33	0	2018/01/23  07:51:01
14680	1	00059021	          	33	0	2018/01/23  07:52:40
14681	1	00059021	          	33	0	2018/01/23  07:52:42
14682	1	00060003	          	33	0	2018/01/23  07:59:31
14683	1	00059018	          	33	0	2018/01/23  08:13:28
14684	1	00059018	          	33	0	2018/01/23  08:13:31
14685	1	00060003	          	33	0	2018/01/23  17:00:43
14686	1	00059024	          	33	0	2018/01/23  17:00:57
14687	1	00059024	          	33	0	2018/01/23  17:01:03
14688	1	00060003	          	33	0	2018/01/23  17:02:05
14689	1	00059014	          	33	0	2018/01/23  17:35:02
14690	1	00059020	          	33	0	2018/01/23  19:17:05
14691	1	00060001	          	33	0	2018/01/23  19:20:12
14692	1	00060001	          	33	0	2018/01/23  19:20:12
14693	1	00060001	          	33	0	2018/01/23  19:20:14
14694	1	00059018	          	33	0	2018/01/23  19:49:34
14695	1	00059018	          	33	0	2018/01/23  19:49:36
14696	1	00059030	          	33	0	2018/01/23  19:53:02
14697	1	00060002	          	33	0	2018/01/23  20:06:53
14698	1	00060002	          	33	0	2018/01/23  20:06:55
14699	1	00059017	          	33	0	2018/01/23  20:20:05
14700	1	00059017	          	33	0	2018/01/23  20:20:07
14701	1	00059017	          	33	0	2018/01/23  20:20:08
14702	1	00059021	          	33	0	2018/01/23  20:20:11
14703	1	00059029	          	33	0	2018/01/23  20:20:14
14704	1	00059029	          	33	0	2018/01/23  20:20:16
14705	1	00059018	          	33	0	2018/01/24  05:20:05
14706	1	00059018	          	33	0	2018/01/24  05:20:07
14707	1	00060002	          	33	0	2018/01/24  06:46:18
14708	1	00059014	          	33	0	2018/01/24  06:57:36
14709	1	00060001	          	33	0	2018/01/24  07:22:09
14710	1	00060001	          	33	0	2018/01/24  07:22:10
14711	1	00059024	          	33	0	2018/01/24  07:42:33
14712	1	00059017	          	33	0	2018/01/24  07:42:35
14713	1	00059017	          	33	0	2018/01/24  07:42:37
14714	1	00059020	          	33	0	2018/01/24  07:43:34
14715	1	00059020	          	33	0	2018/01/24  07:44:04
14716	1	00059021	          	33	0	2018/01/24  07:44:24
14717	1	00059021	          	33	0	2018/01/24  07:44:26
14718	1	00059017	          	33	0	2018/01/24  07:45:42
14719	1	00059029	          	33	0	2018/01/24  07:58:40
14720	1	00059029	          	33	0	2018/01/24  07:58:42
14721	1	00060003	          	33	0	2018/01/24  07:58:45
14722	1	00060003	          	33	0	2018/01/24  17:02:37
14723	1	00059014	          	33	0	2018/01/24  17:24:39
14724	1	00059021	          	33	0	2018/01/24  17:53:04
14725	1	00059020	          	33	0	2018/01/24  19:00:17
14726	1	00060001	          	33	0	2018/01/24  19:20:18
14727	1	00060001	          	33	0	2018/01/24  19:20:20
14728	1	00059024	          	33	0	2018/01/24  19:20:23
14729	1	00059018	          	33	0	2018/01/24  19:49:51
14730	1	00059018	          	33	0	2018/01/24  19:49:53
14731	1	00060002	          	33	0	2018/01/24  20:08:17
14732	1	00060002	          	33	0	2018/01/24  20:08:18
14733	1	00060002	          	33	0	2018/01/24  20:09:58
14734	1	00059017	          	33	0	2018/01/24  20:20:17
14735	1	00059017	          	33	0	2018/01/24  20:20:18
14736	1	00059017	          	33	0	2018/01/24  20:20:20
14737	1	00059029	          	33	0	2018/01/24  20:20:39
14738	1	00059029	          	33	0	2018/01/24  20:20:41
14739	1	00059014	          	33	0	2018/01/25  06:34:17
14740	1	00060002	          	33	0	2018/01/25  06:47:28
14741	1	00060002	          	33	0	2018/01/25  06:47:29
14742	1	00060001	          	33	0	2018/01/25  07:15:19
14743	1	00060001	          	33	0	2018/01/25  07:15:21
14744	1	00060001	          	33	0	2018/01/25  07:15:22
14745	1	00059030	          	33	0	2018/01/25  07:26:58
14746	1	00059030	          	33	0	2018/01/25  07:27:00
14747	1	00059018	          	33	0	2018/01/25  07:40:46
14748	1	00059018	          	33	0	2018/01/25  07:40:48
14749	1	00059020	          	33	0	2018/01/25  07:41:11
14750	1	00059017	          	33	0	2018/01/25  07:43:11
14751	1	00059017	          	33	0	2018/01/25  07:43:12
14752	1	00059017	          	33	0	2018/01/25  07:43:14
14753	1	00059024	          	33	0	2018/01/25  07:46:01
14754	1	00059024	          	33	0	2018/01/25  07:46:06
14755	1	00059029	          	33	0	2018/01/25  07:54:48
14756	1	00059029	          	33	0	2018/01/25  07:54:50
14757	1	00060001	          	33	0	2018/01/25  17:01:41
14758	1	00060001	          	33	0	2018/01/25  17:01:43
14759	1	00059024	          	33	0	2018/01/25  17:03:25
14760	1	00000002	          	33	0	2018/01/25  17:45:39
14761	1	00000002	          	33	0	2018/01/25  17:45:44
14762	1	00059014	          	33	0	2018/01/25  17:45:51
14763	1	00059014	          	33	0	2018/01/25  17:45:55
14764	1	00059020	          	33	0	2018/01/25  19:09:37
14765	1	00059020	          	33	0	2018/01/25  19:09:39
14766	1	00059030	          	33	0	2018/01/25  19:50:02
14767	1	00059030	          	33	0	2018/01/25  19:50:05
14768	1	00060002	          	33	0	2018/01/25  20:09:39
14769	1	00060002	          	33	0	2018/01/25  20:09:41
14770	1	00059017	          	33	0	2018/01/25  20:20:17
14771	1	00059017	          	33	0	2018/01/25  20:20:18
14772	1	00059017	          	33	0	2018/01/25  20:20:19
14773	1	00059029	          	33	0	2018/01/25  20:20:27
14774	1	00059029	          	33	0	2018/01/25  20:20:29
14775	1	00060002	          	33	0	2018/01/26  06:41:07
14776	1	00060002	          	33	0	2018/01/26  06:41:09
14777	1	00059014	          	33	0	2018/01/26  06:59:34
14778	1	00060001	          	33	0	2018/01/26  07:29:19
14779	1	00060001	          	33	0	2018/01/26  07:29:22
14780	1	00059030	          	33	0	2018/01/26  07:36:26
14781	1	00059030	          	33	0	2018/01/26  07:36:28
14782	1	00059021	          	33	0	2018/01/26  07:37:38
14783	1	00059021	          	33	0	2018/01/26  07:37:40
14784	1	00059020	          	33	0	2018/01/26  07:40:32
14785	1	00059020	          	33	0	2018/01/26  07:40:34
14786	1	00059017	          	33	0	2018/01/26  07:44:58
14787	1	00059017	          	33	0	2018/01/26  07:45:00
14788	1	00059017	          	33	0	2018/01/26  07:45:01
14789	1	00059024	          	33	0	2018/01/26  07:51:14
14790	1	00059024	          	33	0	2018/01/26  07:51:19
14791	1	00059029	          	33	0	2018/01/26  07:57:07
14792	1	00059029	          	33	0	2018/01/26  07:57:09
14793	1	00059024	          	33	0	2018/01/26  17:00:39
14794	1	00060001	          	33	0	2018/01/26  17:40:10
14795	1	00060001	          	33	0	2018/01/26  17:40:12
14796	1	00059014	          	33	0	2018/01/26  17:42:44
14797	1	00059021	          	33	0	2018/01/26  12:46:24
14798	1	00059021	          	33	0	2018/01/25  17:03:53
14799	1	00059020	          	33	0	2018/01/26  19:20:27
14800	1	00059020	          	33	0	2018/01/26  19:21:59
14801	1	00059020	          	33	0	2018/01/26  19:22:26
14802	1	00060002	          	33	0	2018/01/26  19:52:39
14803	1	00060002	          	33	0	2018/01/26  19:52:40
14804	1	00059018	          	33	0	2018/01/26  20:01:24
14805	1	00059018	          	33	0	2018/01/26  20:01:27
14806	1	00059030	          	33	0	2018/01/26  20:20:06
14807	1	00059030	          	33	0	2018/01/26  20:20:09
14808	1	00059017	          	33	0	2018/01/26  20:20:10
14809	1	00059017	          	33	0	2018/01/26  20:20:11
14810	1	00059029	          	33	0	2018/01/26  20:20:13
14811	1	00059029	          	33	0	2018/01/26  20:20:15
14812	1	00060002	          	33	0	2018/01/27  06:42:58
14813	1	00060002	          	33	0	2018/01/27  06:43:00
14814	1	00059030	          	33	0	2018/01/27  07:23:19
14815	1	00059030	          	33	0	2018/01/27  07:23:21
14816	1	00060001	          	33	0	2018/01/27  07:38:26
14817	1	00060001	          	33	0	2018/01/27  07:38:28
14818	1	00059018	          	33	0	2018/01/27  07:40:40
14819	1	00059018	          	33	0	2018/01/27  07:40:42
14820	1	00059020	          	33	0	2018/01/27  07:40:51
14821	1	00059021	          	33	0	2018/01/27  07:58:49
14822	1	00059017	          	33	0	2018/01/27  08:02:50
14823	1	00059029	          	33	0	2018/01/27  08:28:36
14824	1	00059029	          	33	0	2018/01/27  08:28:38
14825	1	00059024	          	33	0	2018/01/27  08:45:35
14826	1	00059021	          	33	0	2018/01/27  17:00:05
14827	1	00059017	          	33	0	2018/01/27  17:00:08
14828	1	00059017	          	33	0	2018/01/27  17:00:09
14829	1	00060001	          	33	0	2018/01/27  17:00:11
14830	1	00059030	          	33	0	2018/01/27  17:00:14
14831	1	00059030	          	33	0	2018/01/27  17:00:16
14832	1	00059024	          	33	0	2018/01/27  17:00:18
14833	1	00059029	          	33	0	2018/01/27  17:00:21
14834	1	00059029	          	33	0	2018/01/27  17:00:23
14835	1	00060002	          	33	0	2018/01/27  20:12:17
14836	1	00060002	          	33	0	2018/01/27  20:12:19
14837	1	00059018	          	33	0	2018/01/27  20:28:00
14838	1	00059018	          	33	0	2018/01/27  20:28:03
14839	1	00059018	          	33	0	2018/01/28  05:20:14
14840	1	00059018	          	33	0	2018/01/28  05:20:16
14841	1	00060002	          	33	0	2018/01/28  05:20:21
14842	1	00060002	          	33	0	2018/01/28  05:20:23
14843	1	00059020	          	33	0	2018/01/29  07:06:33
14844	1	00059014	          	33	0	2018/01/29  07:07:44
14845	1	00000002	          	33	0	2018/01/29  07:07:48
14846	1	00000002	          	33	0	2018/01/29  07:07:50
14847	1	00059014	          	33	0	2018/01/29  07:07:51
14848	1	00059020	          	33	0	2018/01/29  07:08:00
14849	1	00059030	          	33	0	2018/01/29  07:25:14
14850	1	00059030	          	33	0	2018/01/29  07:25:16
14851	1	00060001	          	33	0	2018/01/29  07:33:23
14852	1	00060001	          	33	0	2018/01/29  07:33:25
14853	1	00059018	          	33	0	2018/01/29  07:35:36
14854	1	00059018	          	33	0	2018/01/29  07:35:40
14855	1	00060002	          	33	0	2018/01/29  07:49:04
14856	1	00060003	          	33	0	2018/01/29  07:56:48
14857	1	00059029	          	33	0	2018/01/29  07:59:14
14858	1	00060001	          	33	0	2018/01/29  17:00:04
14859	1	00060001	          	33	0	2018/01/29  17:00:08
14860	1	00060001	          	33	0	2018/01/29  17:00:12
14861	1	00060003	          	33	0	2018/01/29  17:00:43
14862	1	00059014	          	33	0	2018/01/29  17:20:03
14863	1	00059021	          	33	0	2018/01/29  19:11:57
14864	1	00059021	          	33	0	2018/01/29  19:28:47
14865	1	00059017	          	33	0	2018/01/29  19:59:44
14866	1	00059017	          	33	0	2018/01/29  19:59:45
14867	1	00059017	          	33	0	2018/01/29  20:08:15
14868	1	00059029	          	33	0	2018/01/29  20:20:20
14869	1	00059030	          	33	0	2018/01/29  20:20:21
14870	1	00059030	          	33	0	2018/01/29  20:20:23
14871	1	00059029	          	33	0	2018/01/29  20:20:25
14872	1	00059029	          	33	0	2018/01/29  20:20:27
14873	1	00059018	          	33	0	2018/01/29  20:20:32
14874	1	00059018	          	33	0	2018/01/29  20:20:34
14875	1	00060002	          	33	0	2018/01/29  20:20:37
14876	1	00060002	          	33	0	2018/01/29  20:20:39
14877	1	00059020	          	33	0	2018/01/29  20:20:43
14878	1	00059014	          	33	0	2018/01/30  06:54:15
14879	1	00059014	          	33	0	2018/01/30  06:54:20
14880	1	00059020	          	33	0	2018/01/30  07:11:23
14881	1	00059020	          	33	0	2018/01/30  07:12:34
14882	1	00059030	          	33	0	2018/01/30  07:27:26
14883	1	00059030	          	33	0	2018/01/30  07:27:29
14884	1	00059030	          	33	0	2018/01/30  07:27:30
14885	1	00059029	          	33	0	2018/01/30  07:27:38
14886	1	00059029	          	33	0	2018/01/30  07:27:41
14887	1	00059021	          	33	0	2018/01/30  07:40:07
14888	1	00059017	          	33	0	2018/01/30  07:40:11
14889	1	00059017	          	33	0	2018/01/30  07:40:12
14890	1	00059018	          	33	0	2018/01/30  07:44:49
14891	1	00059018	          	33	0	2018/01/30  07:44:52
14892	1	00060002	          	33	0	2018/01/30  07:49:40
14893	1	00060002	          	33	0	2018/01/30  07:49:42
14894	1	00060003	          	33	0	2018/01/30  08:03:50
14895	1	00059030	          	33	0	2018/01/30  17:00:23
14896	1	00059030	          	33	0	2018/01/30  17:00:25
14897	1	00059014	          	33	0	2018/01/30  17:29:05
14898	1	00059021	          	33	0	2018/01/30  19:31:14
14899	1	00059021	          	33	0	2018/01/30  19:34:54
14900	1	00059021	          	33	0	2018/01/30  19:35:54
14901	1	00059017	          	33	0	2018/01/30  20:02:06
14902	1	00059017	          	33	0	2018/01/30  20:02:08
14903	1	00059024	          	33	0	2018/01/30  20:03:49
14904	1	00059017	          	33	0	2018/01/30  20:03:54
14905	1	00059029	          	33	0	2018/01/30  20:20:58
14906	1	00059029	          	33	0	2018/01/30  20:21:01
14907	1	00059020	          	33	0	2018/01/30  20:21:25
14908	1	00060002	          	33	0	2018/01/30  20:21:30
14909	1	00060002	          	33	0	2018/01/30  20:21:32
14910	1	00059018	          	33	0	2018/01/30  20:44:13
14911	1	00059018	          	33	0	2018/01/30  20:44:15
14912	1	00059024	          	33	0	2018/01/31  05:20:54
14913	1	00059024	          	33	0	2018/01/31  05:21:00
14914	1	00059030	          	33	0	2018/01/31  07:23:22
14915	1	00059030	          	33	0	2018/01/31  07:23:24
14916	1	00059018	          	33	0	2018/01/31  07:31:27
14917	1	00059018	          	33	0	2018/01/31  07:31:29
14918	1	00059029	          	33	0	2018/01/31  07:38:40
14919	1	00059029	          	33	0	2018/01/31  07:38:43
14920	1	00059020	          	33	0	2018/01/31  07:46:29
14921	1	00060002	          	33	0	2018/01/31  07:49:16
14922	1	00060002	          	33	0	2018/01/31  07:49:18
14923	1	00059017	          	33	0	2018/01/31  08:04:00
14924	1	00059017	          	33	0	2018/01/31  08:04:02
14925	1	00059021	          	33	0	2018/01/31  08:04:15
14926	1	00059021	          	33	0	2018/01/31  08:05:04
14927	1	00059029	          	33	0	2018/01/31  17:00:14
14928	1	00059029	          	33	0	2018/01/31  17:00:17
14929	1	00059014	          	33	0	2018/01/31  17:18:54
14930	1	00059020	          	33	0	2018/01/31  19:20:22
14931	1	00059021	          	33	0	2018/01/31  19:42:44
14932	1	00059021	          	33	0	2018/01/31  19:57:58
14933	1	00059024	          	33	0	2018/01/31  20:02:27
14934	1	00059017	          	33	0	2018/01/31  20:07:47
14935	1	00059017	          	33	0	2018/01/31  20:07:49
14936	1	00060002	          	33	0	2018/01/31  20:21:03
14937	1	00060002	          	33	0	2018/01/31  20:21:05
14938	1	00059030	          	33	0	2018/01/31  20:21:12
14939	1	00059030	          	33	0	2018/01/31  20:21:14
14940	1	00059018	          	33	0	2018/01/31  20:21:22
14941	1	00059018	          	33	0	2018/01/31  20:21:24
14942	1	00060001	          	33	0	2018/02/01  07:18:58
14943	1	00060001	          	33	0	2018/02/01  07:19:00
14944	1	00059014	          	33	0	2018/02/01  07:23:38
14945	1	00059014	          	33	0	2018/02/01  07:23:42
14946	1	00059020	          	33	0	2018/02/01  07:31:52
14947	1	00059020	          	33	0	2018/02/01  07:33:10
14948	1	00059018	          	33	0	2018/02/01  07:35:56
14949	1	00059018	          	33	0	2018/02/01  07:35:57
14950	1	00059018	          	33	0	2018/02/01  07:36:00
14951	1	00059024	          	33	0	2018/02/01  07:40:59
14952	1	00059029	          	33	0	2018/02/01  07:41:52
14953	1	00059029	          	33	0	2018/02/01  07:41:54
14954	1	00059021	          	33	0	2018/02/01  07:50:11
14955	1	00059017	          	33	0	2018/02/01  07:50:13
14956	1	00059017	          	33	0	2018/02/01  07:50:15
14957	1	00060002	          	33	0	2018/02/01  07:54:37
14958	1	00060002	          	33	0	2018/02/01  07:54:39
14959	1	00060002	          	33	0	2018/02/01  17:01:52
14960	1	00060002	          	33	0	2018/02/01  17:01:53
14961	1	00060002	          	33	0	2018/02/01  17:02:37
14962	1	00059014	          	33	0	2018/02/01  17:28:38
14963	1	00061002	          	33	0	2018/02/01  17:28:41
14964	1	00060001	          	33	0	2018/02/01  19:20:58
14965	1	00060001	          	33	0	2018/02/01  19:21:00
14966	1	00059020	          	33	0	2018/02/01  19:21:17
14967	1	00059021	          	33	0	2018/02/01  19:28:03
14968	1	00059021	          	33	0	2018/02/01  19:28:05
14969	1	00059017	          	33	0	2018/02/01  19:54:40
14970	1	00059017	          	33	0	2018/02/01  19:54:42
14971	1	00059017	          	33	0	2018/02/01  19:54:44
14972	1	00059024	          	33	0	2018/02/01  20:05:25
14973	1	00059024	          	33	0	2018/02/01  20:05:35
14974	1	00059018	          	33	0	2018/02/01  20:22:42
14975	1	00059018	          	33	0	2018/02/01  20:22:45
14976	1	00059029	          	33	0	2018/02/01  20:23:35
14977	1	00059029	          	33	0	2018/02/01  20:23:36
14978	1	00059024	          	33	0	2018/02/02  05:39:24
14979	1	00059014	          	33	0	2018/02/02  07:07:03
14980	1	00059020	          	33	0	2018/02/02  07:32:55
14981	1	00059020	          	33	0	2018/02/02  07:34:38
14982	1	00059021	          	33	0	2018/02/02  07:40:07
14983	1	00059017	          	33	0	2018/02/02  07:40:16
14984	1	00059017	          	33	0	2018/02/02  07:40:17
14985	1	00059017	          	33	0	2018/02/02  07:40:23
14986	1	00060001	          	33	0	2018/02/02  07:42:31
14987	1	00060002	          	33	0	2018/02/02  07:44:37
14988	1	00060002	          	33	0	2018/02/02  07:44:39
14989	1	00059029	          	33	0	2018/02/02  07:46:00
14990	1	00059029	          	33	0	2018/02/02  07:46:02
14991	1	00061002	          	33	0	2018/02/02  07:47:17
14992	1	00059018	          	33	0	2018/02/02  07:49:26
14993	1	00059018	          	33	0	2018/02/02  07:49:28
14994	1	00060001	          	33	0	2018/02/02  17:01:02
14995	1	00060001	          	33	0	2018/02/02  17:01:04
14996	1	00060001	          	33	0	2018/02/02  17:01:05
14997	1	00059018	          	33	0	2018/02/02  17:25:20
14998	1	00059018	          	33	0	2018/02/02  17:25:22
14999	1	00061002	          	33	0	2018/02/02  17:30:27
15000	1	00059014	          	33	0	2018/02/02  17:30:31
15001	1	00059021	          	33	0	2018/02/02  19:45:53
15002	1	00059017	          	33	0	2018/02/02  19:58:50
15003	1	00059017	          	33	0	2018/02/02  19:58:53
15004	1	00059017	          	33	0	2018/02/02  19:58:55
15005	1	00059024	          	33	0	2018/02/02  20:15:23
15006	1	00059020	          	33	0	2018/02/02  20:20:19
15007	1	00059029	          	33	0	2018/02/02  20:20:21
15008	1	00059029	          	33	0	2018/02/02  20:20:23
15009	1	00060002	          	33	0	2018/02/02  20:20:46
15010	1	00060002	          	33	0	2018/02/02  20:20:48
15011	1	00059024	          	33	0	2018/02/03  05:20:24
15012	1	00060001	          	33	0	2018/02/03  07:32:42
15013	1	00060001	          	33	0	2018/02/03  07:32:43
15014	1	00059021	          	33	0	2018/02/03  07:40:10
15015	1	00059017	          	33	0	2018/02/03  07:40:14
15016	1	00059017	          	33	0	2018/02/03  07:40:15
15017	1	00060002	          	33	0	2018/02/03  07:55:18
15018	1	00060002	          	33	0	2018/02/03  07:55:20
15019	1	00059029	          	33	0	2018/02/03  08:01:17
15020	1	00059029	          	33	0	2018/02/03  08:01:20
15021	1	00059020	          	33	0	2018/02/03  09:14:20
15022	1	00059020	          	33	0	2018/02/03  09:15:19
15023	1	00059018	          	33	0	2018/02/03  09:29:04
15024	1	00059018	          	33	0	2018/02/03  09:29:07
15025	1	00060001	          	33	0	2018/02/03  17:00:39
15026	1	00060001	          	33	0	2018/02/03  17:00:42
15027	1	00059029	          	33	0	2018/02/03  17:00:52
15028	1	00059029	          	33	0	2018/02/03  17:00:55
15029	1	00059018	          	33	0	2018/02/03  17:01:08
15030	1	00059018	          	33	0	2018/02/03  17:01:10
15031	1	00060002	          	33	0	2018/02/03  17:01:24
15032	1	00060002	          	33	0	2018/02/03  17:01:25
15033	1	00059020	          	33	0	2018/02/03  17:01:53
15034	1	00059021	          	33	0	2018/02/03  19:40:30
15035	1	00059021	          	33	0	2018/02/03  19:41:38
15036	1	00059017	          	33	0	2018/02/03  19:58:07
15037	1	00059017	          	33	0	2018/02/03  19:58:09
15038	1	00059017	          	33	0	2018/02/03  19:58:10
15039	1	00059017	          	33	0	2018/02/04  05:20:51
15040	1	00059017	          	33	0	2018/02/04  05:20:53
15041	1	00059021	          	33	0	2018/02/04  05:21:20
15042	1	00059021	          	33	0	2018/02/04  05:21:53
15043	1	00059020	          	33	0	2018/02/04  12:59:52
15044	1	00059020	          	33	0	2018/02/04  17:09:13
15045	1	00059014	          	33	0	2018/02/05  06:38:41
15046	1	00059020	          	33	0	2018/02/05  07:08:48
15047	1	00059021	          	33	0	2018/02/05  07:19:29
15048	1	00060002	          	33	0	2018/02/05  07:47:12
15049	1	00060002	          	33	0	2018/02/05  07:47:14
15050	1	00061002	          	33	0	2018/02/05  07:54:12
15051	1	00060002	          	33	0	2018/02/05  07:56:28
15052	1	00059018	          	33	0	2018/02/05  08:45:38
15053	1	00059018	          	33	0	2018/02/05  08:45:40
15054	1	00059021	          	33	0	2018/02/05  12:05:07
15055	1	00061002	          	33	0	2018/02/05  18:08:53
15056	1	00059021	          	33	0	2018/02/05  19:49:14
15057	1	00059021	          	33	0	2018/02/05  19:49:53
15058	1	00059021	          	33	0	2018/02/05  19:49:55
15059	1	00060002	          	33	0	2018/02/05  20:20:29
15060	1	00060002	          	33	0	2018/02/05  20:20:31
15061	1	00059018	          	33	0	2018/02/05  20:20:39
15062	1	00059018	          	33	0	2018/02/05  20:20:41
15063	1	00059020	          	33	0	2018/02/05  20:20:50
15064	1	00059014	          	33	0	2018/02/05  21:14:40
15065	1	00059014	          	33	0	2018/02/05  12:26:17
15066	1	00059014	          	33	0	2018/02/05  20:26:39
15067	1	00059020	          	33	0	2018/02/06  07:36:14
15068	1	00061002	          	33	0	2018/02/06  07:41:42
15069	1	00059018	          	33	0	2018/02/06  07:46:36
15070	1	00059018	          	33	0	2018/02/06  07:46:39
15071	1	00060002	          	33	0	2018/02/06  07:47:49
15072	1	00060002	          	33	0	2018/02/06  07:47:51
15073	1	00059024	          	33	0	2018/02/06  08:01:09
15074	1	00059014	          	33	0	2018/02/06  08:29:53
15075	1	00059021	          	33	0	2018/02/06  10:40:08
15076	1	00061002	          	33	0	2018/02/06  18:36:46
15077	1	00060001	          	33	0	2018/02/06  19:09:50
15078	1	00060001	          	33	0	2018/02/06  19:09:52
15079	1	00059024	          	33	0	2018/02/06  19:22:00
15080	1	00059021	          	33	0	2018/02/06  19:44:27
15081	1	00059021	          	33	0	2018/02/06  19:44:30
15082	1	00059029	          	33	0	2018/02/06  19:56:51
15083	1	00059029	          	33	0	2018/02/06  19:56:53
15084	1	00060002	          	33	0	2018/02/06  20:20:18
15085	1	00060002	          	33	0	2018/02/06  20:20:20
15086	1	00059020	          	33	0	2018/02/06  20:20:40
15087	1	00059018	          	33	0	2018/02/06  20:21:11
15088	1	00059018	          	33	0	2018/02/06  20:21:13
15089	1	00059029	          	33	0	2018/02/07  05:39:40
15090	1	00059029	          	33	0	2018/02/07  05:39:42
15091	1	00059020	          	33	0	2018/02/07  07:32:46
15092	1	00060001	          	33	0	2018/02/07  07:40:38
15093	1	00060001	          	33	0	2018/02/07  07:40:39
15094	1	00059018	          	33	0	2018/02/07  07:41:02
15095	1	00059018	          	33	0	2018/02/07  07:41:05
15096	1	00059021	          	33	0	2018/02/07  07:45:04
15097	1	00060002	          	33	0	2018/02/07  07:46:48
15098	1	00060002	          	33	0	2018/02/07  07:46:50
15099	1	00059020	          	33	0	2018/02/07  07:49:46
15100	1	00059014	          	33	0	2018/02/07  07:52:44
15101	1	00059014	          	33	0	2018/02/07  07:54:39
15102	1	00061002	          	33	0	2018/02/07  08:05:36
15103	1	00059020	          	33	0	2018/02/07  17:03:49
15104	1	00059014	          	33	0	2018/02/07  17:50:18
15105	1	00060001	          	33	0	2018/02/07  19:10:42
15106	1	00060001	          	33	0	2018/02/07  19:10:44
15107	1	00061002	          	33	0	2018/02/07  19:38:51
15108	1	00059021	          	33	0	2018/02/07  19:45:53
15109	1	00059021	          	33	0	2018/02/07  19:45:57
15110	1	00059029	          	33	0	2018/02/07  20:08:01
15111	1	00059029	          	33	0	2018/02/07  20:08:05
15112	1	00060002	          	33	0	2018/02/07  20:22:29
15113	1	00060002	          	33	0	2018/02/07  20:22:31
15114	1	00060001	          	33	0	2018/02/08  06:31:40
15115	1	00059020	          	33	0	2018/02/08  07:29:01
15116	1	00059014	          	33	0	2018/02/08  07:29:38
15117	1	00059021	          	33	0	2018/02/08  07:44:10
15118	1	00059021	          	33	0	2018/02/08  07:44:47
15119	1	00059029	          	33	0	2018/02/08  07:44:50
15120	1	00059029	          	33	0	2018/02/08  07:44:53
15121	1	00059018	          	33	0	2018/02/08  07:45:51
15122	1	00059018	          	33	0	2018/02/08  07:45:53
15123	1	00060002	          	33	0	2018/02/08  07:52:36
15124	1	00060002	          	33	0	2018/02/08  07:52:38
15125	1	00059024	          	33	0	2018/02/08  07:56:19
15126	1	00061002	          	33	0	2018/02/08  08:21:46
15127	1	00061003	          	33	0	2018/02/08  11:20:57
15128	1	00061003	          	33	0	2018/02/08  11:21:02
15129	1	00061004	          	33	0	2018/02/08  11:21:59
15130	1	00060002	          	33	0	2018/02/08  17:01:38
15131	1	00060002	          	33	0	2018/02/08  17:01:41
15132	1	00059014	          	33	0	2018/02/08  17:28:47
15133	1	00060001	          	33	0	2018/02/08  19:06:13
15134	1	00060001	          	33	0	2018/02/08  19:06:15
15135	1	00059021	          	33	0	2018/02/08  19:25:35
15136	1	00059021	          	33	0	2018/02/08  19:25:46
15137	1	00059024	          	33	0	2018/02/08  19:27:37
15138	1	00059029	          	33	0	2018/02/08  20:10:19
15139	1	00059029	          	33	0	2018/02/08  20:10:21
15140	1	00061004	          	33	0	2018/02/08  20:20:02
15141	1	00061003	          	33	0	2018/02/08  20:20:10
15142	1	00059020	          	33	0	2018/02/08  20:20:17
15143	1	00061002	          	33	0	2018/02/08  20:22:29
15144	1	00059018	          	33	0	2018/02/08  20:27:28
15145	1	00059018	          	33	0	2018/02/08  20:27:31
15146	1	00059014	          	33	0	2018/02/09  07:13:12
15147	1	00060001	          	33	0	2018/02/09  07:40:18
15148	1	00060001	          	33	0	2018/02/09  07:40:19
15149	1	00060001	          	33	0	2018/02/09  07:40:19
15150	1	00059029	          	33	0	2018/02/09  07:40:24
15151	1	00059029	          	33	0	2018/02/09  07:40:26
15152	1	00059021	          	33	0	2018/02/09  07:40:29
15153	1	00059020	          	33	0	2018/02/09  07:40:38
15154	1	00059018	          	33	0	2018/02/09  07:42:12
15155	1	00059018	          	33	0	2018/02/09  07:42:14
15156	1	00061003	          	33	0	2018/02/09  07:42:44
15157	1	00061004	          	33	0	2018/02/09  07:42:54
15158	1	00060002	          	33	0	2018/02/09  07:48:00
15159	1	00060002	          	33	0	2018/02/09  07:48:02
15160	1	00061002	          	33	0	2018/02/09  07:49:26
15161	1	00059014	          	33	0	2018/02/09  07:52:42
15162	1	00059024	          	33	0	2018/02/09  07:55:04
15163	1	00059020	          	33	0	2018/02/09  17:00:09
15164	1	00059024	          	33	0	2018/02/09  17:00:14
15165	1	00059018	          	33	0	2018/02/09  17:19:39
15166	1	00059018	          	33	0	2018/02/09  17:19:41
15167	1	00059018	          	33	0	2018/02/09  17:19:43
15168	1	00061002	          	33	0	2018/02/09  17:31:42
15169	1	00059014	          	33	0	2018/02/09  17:31:46
15170	1	00060001	          	33	0	2018/02/09  19:19:23
15171	1	00059021	          	33	0	2018/02/09  19:38:36
15172	1	00059021	          	33	0	2018/02/09  19:39:32
15173	1	00061004	          	33	0	2018/02/09  20:20:08
15174	1	00059029	          	33	0	2018/02/09  20:21:52
15175	1	00059029	          	33	0	2018/02/09  20:21:54
15176	1	00060002	          	33	0	2018/02/09  20:21:57
15177	1	00060002	          	33	0	2018/02/09  20:22:00
15178	1	00061003	          	33	0	2018/02/09  20:23:58
15179	1	00060001	          	33	0	2018/02/10  07:08:15
15180	1	00060001	          	33	0	2018/02/10  07:08:16
15181	1	00059021	          	33	0	2018/02/10  07:40:57
15182	1	00059029	          	33	0	2018/02/10  07:41:01
15183	1	00059029	          	33	0	2018/02/10  07:41:03
15184	1	00061003	          	33	0	2018/02/10  07:41:15
15185	1	00061003	          	33	0	2018/02/10  07:41:16
15186	1	00059020	          	33	0	2018/02/10  07:42:17
15187	1	00061004	          	33	0	2018/02/10  07:42:23
15188	1	00060002	          	33	0	2018/02/10  07:45:03
15189	1	00060002	          	33	0	2018/02/10  07:45:05
15190	1	00059018	          	33	0	2018/02/10  08:31:35
15191	1	00059018	          	33	0	2018/02/10  08:31:38
15192	1	00061004	          	33	0	2018/02/10  17:00:03
15193	1	00061003	          	33	0	2018/02/10  17:00:13
15194	1	00059020	          	33	0	2018/02/10  17:00:45
15195	1	00060002	          	33	0	2018/02/10  17:00:50
15196	1	00060002	          	33	0	2018/02/10  17:00:51
15197	1	00059018	          	33	0	2018/02/10  17:02:39
15198	1	00059018	          	33	0	2018/02/10  17:02:41
15199	1	00060001	          	33	0	2018/02/10  19:30:04
15200	1	00060001	          	33	0	2018/02/10  19:30:06
15201	1	00059021	          	33	0	2018/02/10  19:42:07
15202	1	00059021	          	33	0	2018/02/10  19:42:09
15203	1	00060001	          	33	0	2018/02/11  05:24:10
15204	1	00060001	          	33	0	2018/02/11  05:24:12
15205	1	00059029	          	33	0	2018/02/11  05:24:38
15206	1	00059029	          	33	0	2018/02/11  05:24:40
15207	1	00059021	          	33	0	2018/02/11  05:27:03
15208	1	00059021	          	33	0	2018/02/12  06:00:13
15209	1	00059029	          	33	0	2018/02/12  07:40:40
15210	1	00059029	          	33	0	2018/02/12  07:40:42
15211	1	00061003	          	33	0	2018/02/12  07:41:39
15212	1	00061003	          	33	0	2018/02/12  07:41:39
15213	1	00059020	          	33	0	2018/02/12  07:44:48
15214	1	00059024	          	33	0	2018/02/12  07:47:15
15215	1	00059024	          	33	0	2018/02/12  07:47:17
15216	1	00059014	          	33	0	2018/02/12  07:49:17
15217	1	00059014	          	33	0	2018/02/12  07:49:20
15218	1	00059024	          	33	0	2018/02/12  07:52:42
15219	1	00061002	          	33	0	2018/02/12  07:56:53
15220	1	00059014	          	33	0	2018/02/12  17:38:41
15221	1	00061002	          	33	0	2018/02/12  17:38:50
15222	1	00059024	          	33	0	2018/02/12  19:32:19
15223	1	00059018	          	33	0	2018/02/12  19:39:29
15224	1	00059018	          	33	0	2018/02/12  19:39:31
15225	1	00059018	          	33	0	2018/02/12  19:39:33
15226	1	00061004	          	33	0	2018/02/12  19:54:27
15227	1	00060002	          	33	0	2018/02/12  20:06:15
15228	1	00060002	          	33	0	2018/02/12  20:06:17
15229	1	00060002	          	33	0	2018/02/12  20:08:37
15230	1	00059021	          	33	0	2018/02/12  20:20:13
15231	1	00059020	          	33	0	2018/02/12  20:20:17
15232	1	00061003	          	33	0	2018/02/12  20:20:22
15233	1	00059029	          	33	0	2018/02/12  20:20:27
15234	1	00059029	          	33	0	2018/02/12  20:20:29
15235	1	00059021	          	33	0	2018/02/13  07:23:27
15236	1	00059021	          	33	0	2018/02/13  07:23:28
15237	1	00059021	          	33	0	2018/02/13  07:23:29
15238	1	00059020	          	33	0	2018/02/13  07:23:32
15239	1	00059014	          	33	0	2018/02/13  07:42:26
15240	1	00061004	          	33	0	2018/02/13  07:45:29
15241	1	00059018	          	33	0	2018/02/13  07:46:15
15242	1	00059018	          	33	0	2018/02/13  07:46:17
15243	1	00060002	          	33	0	2018/02/13  07:46:33
15244	1	00060002	          	33	0	2018/02/13  07:46:35
15245	1	00059024	          	33	0	2018/02/13  07:51:04
15246	1	00059024	          	33	0	2018/02/13  07:51:07
15247	1	00061003	          	33	0	2018/02/13  07:52:58
15248	1	00059029	          	33	0	2018/02/13  07:53:01
15249	1	00059029	          	33	0	2018/02/13  07:53:03
15250	1	00061002	          	33	0	2018/02/13  07:59:41
15251	1	00061002	          	33	0	2018/02/13  17:43:49
15252	1	00059014	          	33	0	2018/02/13  17:43:52
15253	1	00059024	          	33	0	2018/02/13  19:32:09
15254	1	00059018	          	33	0	2018/02/13  19:47:46
15255	1	00059018	          	33	0	2018/02/13  19:47:48
15256	1	00060002	          	33	0	2018/02/13  20:08:42
15257	1	00060002	          	33	0	2018/02/13  20:08:43
15258	1	00059021	          	33	0	2018/02/13  20:20:06
15259	1	00059020	          	33	0	2018/02/13  20:20:09
15260	1	00059029	          	33	0	2018/02/13  20:20:13
15261	1	00059029	          	33	0	2018/02/13  20:20:17
15262	1	00061003	          	33	0	2018/02/13  20:20:36
15263	1	00059021	          	33	0	2018/02/14  07:28:29
15264	1	00059021	          	33	0	2018/02/14  07:28:31
15265	1	00059020	          	33	0	2018/02/14  07:33:58
15266	1	00059020	          	33	0	2018/02/14  07:34:03
15267	1	00060002	          	33	0	2018/02/14  07:40:03
15268	1	00060002	          	33	0	2018/02/14  07:40:05
15269	1	00059018	          	33	0	2018/02/14  07:40:18
15270	1	00059018	          	33	0	2018/02/14  07:40:21
15271	1	00059024	          	33	0	2018/02/14  07:46:01
15272	1	00059024	          	33	0	2018/02/14  07:46:04
15273	1	00059029	          	33	0	2018/02/14  07:50:02
15274	1	00059029	          	33	0	2018/02/14  07:50:05
15275	1	00059014	          	33	0	2018/02/14  07:52:52
15276	1	00061003	          	33	0	2018/02/14  07:52:57
15277	1	00061003	          	33	0	2018/02/14  07:53:10
15278	1	00061002	          	33	0	2018/02/14  08:14:56
15279	1	00059018	          	33	0	2018/02/14  19:43:35
15280	1	00059018	          	33	0	2018/02/14  19:43:37
15281	1	00060002	          	33	0	2018/02/14  19:56:08
15282	1	00060002	          	33	0	2018/02/14  19:56:10
15283	1	00060002	          	33	0	2018/02/14  20:02:36
15284	1	00059021	          	33	0	2018/02/14  20:20:03
15285	1	00059020	          	33	0	2018/02/14  20:20:05
15286	1	00061003	          	33	0	2018/02/14  20:20:10
15287	1	00059024	          	33	0	2018/02/14  20:20:12
15288	1	00059029	          	33	0	2018/02/14  20:20:15
15289	1	00059029	          	33	0	2018/02/14  20:20:17
15290	1	00061002	          	33	0	2018/02/14  20:29:05
15291	1	00059014	          	33	0	2018/02/14  20:29:07
15292	1	00059014	          	33	0	2018/02/15  04:13:00
15293	1	00059021	          	33	0	2018/02/15  07:24:35
15294	1	00059021	          	33	0	2018/02/15  07:24:37
15295	1	00061002	          	33	0	2018/02/15  07:29:49
15296	1	00060002	          	33	0	2018/02/15  07:40:11
15297	1	00060002	          	33	0	2018/02/15  07:40:12
15298	1	00059018	          	33	0	2018/02/15  07:40:16
15299	1	00059018	          	33	0	2018/02/15  07:40:18
15300	1	00059021	          	33	0	2018/02/15  07:40:56
15301	1	00059020	          	33	0	2018/02/15  07:44:22
15302	1	00059020	          	33	0	2018/02/15  07:54:02
15303	1	00061003	          	33	0	2018/02/15  07:55:37
15304	1	00059024	          	33	0	2018/02/15  07:57:09
15305	1	00059024	          	33	0	2018/02/15  07:57:12
15306	1	00059029	          	33	0	2018/02/15  12:18:07
15307	1	00059029	          	33	0	2018/02/15  12:18:10
15308	1	00059024	          	33	0	2018/02/15  17:03:39
15309	1	00059024	          	33	0	2018/02/15  17:03:41
15310	1	00059029	          	33	0	2018/02/15  19:26:21
15311	1	00059029	          	33	0	2018/02/15  19:26:23
15312	1	00060002	          	33	0	2018/02/15  20:09:00
15313	1	00060002	          	33	0	2018/02/15  20:09:02
15314	1	00059018	          	33	0	2018/02/15  20:18:52
15315	1	00059018	          	33	0	2018/02/15  20:18:54
15316	1	00059021	          	33	0	2018/02/15  20:20:14
15317	1	00059021	          	33	0	2018/02/15  20:20:16
15318	1	00059020	          	33	0	2018/02/15  20:20:44
15319	1	00061002	          	33	0	2018/02/15  21:00:37
15320	1	00060002	          	33	0	2018/02/16  05:23:11
15321	1	00059014	          	33	0	2018/02/16  06:39:41
15322	1	00059014	          	33	0	2018/02/15  17:44:59
15323	1	00059014	          	33	0	2018/02/15  17:45:03
15324	1	00059021	          	33	0	2018/02/16  07:15:10
15325	1	00059021	          	33	0	2018/02/16  07:15:12
15326	1	00059020	          	33	0	2018/02/16  07:32:52
15327	1	00059020	          	33	0	2018/02/16  07:34:33
15328	1	00061003	          	33	0	2018/02/16  07:48:07
15329	1	00061002	          	33	0	2018/02/16  07:54:10
15330	1	00059024	          	33	0	2018/02/16  07:56:16
15331	1	00059024	          	33	0	2018/02/16  07:56:18
15332	1	00059024	          	33	0	2018/02/16  07:59:49
15333	1	00059018	          	33	0	2018/02/16  08:08:09
15334	1	00059018	          	33	0	2018/02/16  08:08:11
15335	1	00061002	          	33	0	2018/02/16  17:24:09
15336	1	00059014	          	33	0	2018/02/16  17:54:10
15337	1	00059020	          	33	0	2018/02/16  19:20:15
15338	1	00059024	          	33	0	2018/02/16  19:20:28
15339	1	00059024	          	33	0	2018/02/16  19:20:31
15340	1	00059018	          	33	0	2018/02/16  19:53:51
15341	1	00059018	          	33	0	2018/02/16  19:53:53
15342	1	00060002	          	33	0	2018/02/16  19:55:56
15343	1	00060002	          	33	0	2018/02/16  19:55:59
15344	1	00059021	          	33	0	2018/02/16  20:20:45
15345	1	00061003	          	33	0	2018/02/16  20:22:49
15346	1	00060002	          	33	0	2018/02/17  07:41:31
15347	1	00060002	          	33	0	2018/02/17  07:41:33
15348	1	00059018	          	33	0	2018/02/17  07:41:36
15349	1	00059018	          	33	0	2018/02/17  07:41:39
15350	1	00059021	          	33	0	2018/02/17  07:45:48
15351	1	00059021	          	33	0	2018/02/17  07:45:50
15352	1	00059024	          	33	0	2018/02/17  07:54:44
15353	1	00059024	          	33	0	2018/02/17  07:54:46
15354	1	00061003	          	33	0	2018/02/17  07:54:49
15355	1	00061002	          	33	0	2018/02/17  07:54:53
15356	1	00059020	          	33	0	2018/02/17  08:03:59
15357	1	00061002	          	33	0	2018/02/17  16:09:24
15358	1	00059021	          	33	0	2018/02/17  17:00:02
15359	1	00061003	          	33	0	2018/02/17  17:00:09
15360	1	00059020	          	33	0	2018/02/17  17:00:13
15361	1	00059024	          	33	0	2018/02/17  17:00:18
15362	1	00059018	          	33	0	2018/02/17  19:54:04
15363	1	00059018	          	33	0	2018/02/17  19:54:06
15364	1	00060002	          	33	0	2018/02/17  20:15:10
15365	1	00060002	          	33	0	2018/02/17  20:15:12
15366	1	00060002	          	33	0	2018/02/18  05:22:23
15367	1	00060002	          	33	0	2018/02/18  05:22:25
15368	1	00059018	          	33	0	2018/02/18  05:22:29
15369	1	00059018	          	33	0	2018/02/18  05:22:31
15370	1	00059021	          	33	0	2018/02/18  08:00:06
15371	1	00059021	          	33	0	2018/02/18  08:00:09
15372	1	00059021	          	33	0	2018/02/18  16:33:59
15373	1	00059014	          	33	0	2018/02/19  06:41:11
15374	1	00059014	          	33	0	2018/02/17  07:33:38
15375	1	00059014	          	33	0	2018/02/17  17:25:00
15376	1	00059021	          	33	0	2018/02/19  07:34:09
15377	1	00059021	          	33	0	2018/02/19  07:49:30
15378	1	00060002	          	33	0	2018/02/19  07:50:28
15379	1	00060002	          	33	0	2018/02/19  07:50:30
15380	1	00061003	          	33	0	2018/02/19  07:55:18
15381	1	00061002	          	33	0	2018/02/19  07:56:42
15382	1	00059029	          	33	0	2018/02/19  08:03:47
15383	1	00059029	          	33	0	2018/02/19  08:03:50
15384	1	00059029	          	33	0	2018/02/19  17:00:31
15385	1	00059029	          	33	0	2018/02/19  17:00:34
15386	1	00059029	          	33	0	2018/02/19  17:00:41
15387	1	00061002	          	33	0	2018/02/19  17:44:48
15388	1	00059014	          	33	0	2018/02/19  17:44:58
15389	1	00059018	          	33	0	2018/02/19  19:49:22
15390	1	00059018	          	33	0	2018/02/19  19:49:24
15391	1	00059020	          	33	0	2018/02/19  20:05:08
15392	1	00059024	          	33	0	2018/02/19  20:09:10
15393	1	00059024	          	33	0	2018/02/19  20:09:12
15394	1	00060002	          	33	0	2018/02/19  20:20:47
15395	1	00060002	          	33	0	2018/02/19  20:20:49
15396	1	00059021	          	33	0	2018/02/19  20:25:04
15397	1	00059014	          	33	0	2018/02/20  06:59:10
15398	1	00059020	          	33	0	2018/02/20  07:40:06
15399	1	00059024	          	33	0	2018/02/20  07:40:09
15400	1	00059018	          	33	0	2018/02/20  07:40:22
15401	1	00059018	          	33	0	2018/02/20  07:40:24
15402	1	00061003	          	33	0	2018/02/20  07:46:13
15403	1	00059029	          	33	0	2018/02/20  07:47:59
15404	1	00059029	          	33	0	2018/02/20  07:48:02
15405	1	00060002	          	33	0	2018/02/20  08:21:52
15406	1	00060002	          	33	0	2018/02/20  08:21:54
15407	1	00061005	          	33	0	2018/02/20  07:26:37
15408	1	00061005	          	33	0	2018/02/20  07:26:37
15409	1	00061005	          	33	0	2018/02/20  07:26:38
15410	1	00061005	          	33	0	2018/02/20  07:26:39
15411	1	00061005	          	33	0	2018/02/20  07:26:40
15412	1	00061005	          	33	0	2018/02/20  07:26:42
15413	1	00061005	          	33	0	2018/02/20  07:26:43
15414	1	00061005	          	33	0	2018/02/20  07:26:43
15415	1	00061005	          	33	0	2018/02/20  07:26:44
15416	1	00060002	          	33	0	2018/02/20  07:28:36
15417	1	00059021	          	33	0	2018/02/20  12:13:40
15418	1	00059014	          	33	0	2018/02/20  17:28:30
15419	1	00061002	          	33	0	2018/02/20  17:50:19
15420	1	00059020	          	33	0	2018/02/20  19:24:26
15421	1	00059020	          	33	0	2018/02/20  19:24:29
15422	1	00059018	          	33	0	2018/02/20  19:48:54
15423	1	00059018	          	33	0	2018/02/20  19:48:56
15424	1	00059020	          	33	0	2018/02/20  20:11:24
15425	1	00059021	          	33	0	2018/02/20  20:20:02
15426	1	00059029	          	33	0	2018/02/20  20:20:05
15427	1	00059029	          	33	0	2018/02/20  20:20:07
15428	1	00061003	          	33	0	2018/02/20  20:20:10
15429	1	00060002	          	33	0	2018/02/20  20:20:29
15430	1	00060002	          	33	0	2018/02/20  20:20:30
15431	1	00061005	          	33	0	2018/02/20  20:20:35
15432	1	00059014	          	33	0	2018/02/21  06:22:16
15433	1	00059029	          	33	0	2018/02/21  07:23:52
15434	1	00059029	          	33	0	2018/02/21  07:23:54
15435	1	00059021	          	33	0	2018/02/21  07:37:01
15436	1	00059021	          	33	0	2018/02/21  07:37:04
15437	1	00059021	          	33	0	2018/02/21  07:39:31
15438	1	00059020	          	33	0	2018/02/21  07:40:15
15439	1	00059018	          	33	0	2018/02/21  07:40:29
15440	1	00059018	          	33	0	2018/02/21  07:40:32
15441	1	00059020	          	33	0	2018/02/21  07:41:08
15442	1	00061003	          	33	0	2018/02/21  07:42:29
15443	1	00060002	          	33	0	2018/02/21  07:47:45
15444	1	00060002	          	33	0	2018/02/21  07:47:46
15445	1	00060002	          	33	0	2018/02/21  07:48:45
15446	1	00061002	          	33	0	2018/02/21  07:51:05
15447	1	00061003	          	33	0	2018/02/21  17:00:10
15448	1	00059014	          	33	0	2018/02/21  17:33:50
15449	1	00061002	          	33	0	2018/02/21  17:34:01
15450	1	00059024	          	33	0	2018/02/21  20:02:42
15451	1	00059029	          	33	0	2018/02/21  20:20:12
15452	1	00059029	          	33	0	2018/02/21  20:20:14
15453	1	00059021	          	33	0	2018/02/21  20:20:21
15454	1	00059021	          	33	0	2018/02/21  20:20:23
15455	1	00060002	          	33	0	2018/02/21  20:20:27
15456	1	00060002	          	33	0	2018/02/21  20:20:29
15457	1	00059018	          	33	0	2018/02/21  21:24:40
15458	1	00059018	          	33	0	2018/02/21  21:24:43
15459	1	00059020	          	33	0	2018/02/21  21:56:50
15460	1	00059014	          	33	0	2018/02/22  06:53:41
15461	1	00059014	          	33	0	2018/02/22  07:00:30
15462	1	00059021	          	33	0	2018/02/22  07:30:08
15463	1	00059021	          	33	0	2018/02/22  07:36:10
15464	1	00059024	          	33	0	2018/02/22  07:40:07
15465	1	00059018	          	33	0	2018/02/22  07:40:20
15466	1	00059018	          	33	0	2018/02/22  07:40:23
15467	1	00059020	          	33	0	2018/02/22  07:40:28
15468	1	00060002	          	33	0	2018/02/22  07:46:00
15469	1	00060002	          	33	0	2018/02/22  07:46:02
15470	1	00059029	          	33	0	2018/02/22  07:52:38
15471	1	00059029	          	33	0	2018/02/22  07:52:40
15472	1	00061003	          	33	0	2018/02/22  07:53:21
15473	1	00061002	          	33	0	2018/02/22  07:57:50
